8 2 3 1
72 2
0 0 0 1.52659
0 0 1 0.00036
0 0 2 0.0
0 1 0 10.39892
0 1 1 0.00248
0 1 2 0.0
0 2 0 2.27499
0 2 1 0.00054
0 2 2 0.0
0 3 0 6.9013
0 3 1 0.00164
0 3 2 0.0
0 4 0 1.50496
0 4 1 0.00036
0 4 2 0.0
0 5 0 0.71467
0 5 1 0.00017
0 5 2 0.0
0 6 0 0.94562
0 6 1 0.00023
0 6 2 0.0
0 7 0 1.89834
0 7 1 0.00045
0 7 2 0.0
1 0 0 2.2931
1 0 1 0.00019
1 0 2 0.0
1 1 0 21.57179
1 1 1 0.00178
1 1 2 0.0
1 2 0 2.81713
1 2 1 0.00023
1 2 2 0.0
1 3 0 21.32961
1 3 1 0.00176
1 3 2 0.0
1 4 0 2.4897
1 4 1 0.00021
1 4 2 0.0
1 5 0 0.51067
1 5 1 4e-05
1 5 2 0.0
1 6 0 1.23827
1 6 1 0.0001
1 6 2 0.0
1 7 0 3.40712
1 7 1 0.00028
1 7 2 0.0
2 0 0 5.2081
2 0 1 0.00051
2 0 2 0.0
2 1 0 228.80542
2 1 1 0.02244
2 1 2 0.0
2 2 0 34.7216
2 2 1 0.00341
2 2 2 0.0
2 3 0 336.85618
2 3 1 0.03304
2 3 2 0.0
2 4 0 57.07183
2 4 1 0.0056
2 4 2 0.0
2 5 0 4.04106
2 5 1 0.0004
2 5 2 0.0
2 6 0 3.91028
2 6 1 0.00038
2 6 2 0.0
2 7 0 7.74032
2 7 1 0.00076
2 7 2 0.0
-1.95 1.71
-7.99 2.27
-7.57 7.11
-7.47 1.92
-7.15 7.57
-1.65 3.48
-4.78 7.81
-3.4 1.25