9 1 2 1
54 2
0 0 0 0.6254
0 0 1 0.0
0 0 2 0.0
0 1 0 73.7956
0 1 1 5e-05
0 1 2 0.0
0 2 0 11.55443
0 2 1 1e-05
0 2 2 0.0
0 3 0 3.84884
0 3 1 0.0
0 3 2 0.0
0 4 0 0.61186
0 4 1 0.0
0 4 2 0.0
0 5 0 1.97834
0 5 1 0.0
0 5 2 0.0
0 6 0 2.54285
0 6 1 0.0
0 6 2 0.0
0 7 0 4.5523
0 7 1 0.0
0 7 2 0.0
0 8 0 2.18779
0 8 1 0.0
0 8 2 0.0
1 0 0 0.09495
1 0 1 3e-05
1 0 2 0.0
1 1 0 16.64275
1 1 1 0.00477
1 1 2 0.0
1 2 0 0.35836
1 2 1 0.0001
1 2 2 0.0
1 3 0 0.04993
1 3 1 1e-05
1 3 2 0.0
1 4 0 0.03677
1 4 1 1e-05
1 4 2 0.0
1 5 0 0.06218
1 5 1 2e-05
1 5 2 0.0
1 6 0 0.03125
1 6 1 1e-05
1 6 2 0.0
1 7 0 0.33371
1 7 1 0.0001
1 7 2 0.0
1 8 0 0.91012
1 8 1 0.00026
1 8 2 0.0
-1.39 4.25
-6.24 0.92
-5.28 5.4
-4.45 7.49
-2.43 6.66
-3.73 6.53
-4.2 7.56
-2.44 2.44
-1.46 1.82