9 2 3 2
108 3
0 0 0 6.71821
0 0 1 0.04486
0 0 2 0.0003
0 0 3 0.0
0 1 0 3.77473
0 1 1 0.0252
0 1 2 0.00017
0 1 3 0.0
0 2 0 0.29397
0 2 1 0.00196
0 2 2 1e-05
0 2 3 0.0
0 3 0 0.69789
0 3 1 0.00466
0 3 2 3e-05
0 3 3 0.0
0 4 0 3.75363
0 4 1 0.02506
0 4 2 0.00017
0 4 3 0.0
0 5 0 10.21385
0 5 1 0.0682
0 5 2 0.00046
0 5 3 0.0
0 6 0 1.98092
0 6 1 0.01323
0 6 2 9e-05
0 6 3 0.0
0 7 0 5.29831
0 7 1 0.03538
0 7 2 0.00024
0 7 3 0.0
0 8 0 0.97153
0 8 1 0.00649
0 8 2 4e-05
0 8 3 0.0
1 0 0 3.3851
1 0 1 0.00369
1 0 2 0.0
1 0 3 0.0
1 1 0 2.41737
1 1 1 0.00263
1 1 2 0.0
1 1 3 0.0
1 2 0 0.36416
1 2 1 0.0004
1 2 2 0.0
1 2 3 0.0
1 3 0 0.61399
1 3 1 0.00067
1 3 2 0.0
1 3 3 0.0
1 4 0 2.22792
1 4 1 0.00243
1 4 2 0.0
1 4 3 0.0
1 5 0 4.02526
1 5 1 0.00438
1 5 2 0.0
1 5 3 0.0
1 6 0 1.25648
1 6 1 0.00137
1 6 2 0.0
1 6 3 0.0
1 7 0 6.96584
1 7 1 0.00759
1 7 2 1e-05
1 7 3 0.0
1 8 0 0.54038
1 8 1 0.00059
1 8 2 0.0
1 8 3 0.0
2 0 0 13.7831
2 0 1 0.04923
2 0 2 0.00018
2 0 3 0.0
2 1 0 11.78929
2 1 1 0.04211
2 1 2 0.00015
2 1 3 0.0
2 2 0 0.4754
2 2 1 0.0017
2 2 2 1e-05
2 2 3 0.0
2 3 0 3.06905
2 3 1 0.01096
2 3 2 4e-05
2 3 3 0.0
2 4 0 1.2062
2 4 1 0.00431
2 4 2 2e-05
2 4 3 0.0
2 5 0 13.87163
2 5 1 0.04955
2 5 2 0.00018
2 5 3 0.0
2 6 0 1.4096
2 6 1 0.00503
2 6 2 2e-05
2 6 3 0.0
2 7 0 6.61165
2 7 1 0.02362
2 7 2 8e-05
2 7 3 0.0
2 8 0 2.60011
2 8 1 0.00929
2 8 2 3e-05
2 8 3 0.0
-3.26 1.34
-3.86 1.02
-0.07 5.19
-3.22 5.47
-5.51 5.12
-4.41 0.92
-5.49 5.11
-5.41 1.23
-0.98 2.86