10 2 2 1
60 2
0 0 0 12.93501
0 0 1 0.00709
0 0 2 0.0
0 1 0 0.11112
0 1 1 6e-05
0 1 2 0.0
0 2 0 6.30054
0 2 1 0.00345
0 2 2 0.0
0 3 0 1.46185
0 3 1 0.0008
0 3 2 0.0
0 4 0 115.94394
0 4 1 0.06358
0 4 2 3e-05
0 5 0 6.76938
0 5 1 0.00371
0 5 2 0.0
0 6 0 0.52695
0 6 1 0.00029
0 6 2 0.0
0 7 0 0.15934
0 7 1 9e-05
0 7 2 0.0
0 8 0 51.30232
0 8 1 0.02813
0 8 2 2e-05
0 9 0 2.3006
0 9 1 0.00126
0 9 2 0.0
1 0 0 69.68216
1 0 1 0.286
1 0 2 0.00117
1 1 0 0.16467
1 1 1 0.00068
1 1 2 0.0
1 2 0 15.41542
1 2 1 0.06327
1 2 2 0.00026
1 3 0 2.10548
1 3 1 0.00864
1 3 2 4e-05
1 4 0 635.80142
1 4 1 2.60957
1 4 2 0.01071
1 5 0 21.31701
1 5 1 0.08749
1 5 2 0.00036
1 6 0 0.74861
1 6 1 0.00307
1 6 2 1e-05
1 7 0 0.21016
1 7 1 0.00086
1 7 2 0.0
1 8 0 214.30069
1 8 1 0.87957
1 8 2 0.00361
1 9 0 5.05092
1 9 1 0.02073
1 9 2 9e-05
-7.73 5.42
-1.73 7.43
-4.12 1.82
-1.67 1.56
-7.87 0.7
-5.27 3.32
-1.58 3.72
-1.21 5.87
-6.61 0.71
-3.6 3.33