10 3 3 2
120 3
0 0 0 60.1315
0 0 1 0.02376
0 0 2 1e-05
0 0 3 0.0
0 1 0 0.64035
0 1 1 0.00025
0 1 2 0.0
0 1 3 0.0
0 2 0 1.55236
0 2 1 0.00061
0 2 2 0.0
0 2 3 0.0
0 3 0 2.65978
0 3 1 0.00105
0 3 2 0.0
0 3 3 0.0
0 4 0 2.47597
0 4 1 0.00098
0 4 2 0.0
0 4 3 0.0
0 5 0 0.04375
0 5 1 2e-05
0 5 2 0.0
0 5 3 0.0
0 6 0 150.08067
0 6 1 0.0593
0 6 2 2e-05
0 6 3 0.0
0 7 0 0.51378
0 7 1 0.0002
0 7 2 0.0
0 7 3 0.0
0 8 0 0.35998
0 8 1 0.00014
0 8 2 0.0
0 8 3 0.0
0 9 0 43.91223
0 9 1 0.01735
0 9 2 1e-05
0 9 3 0.0
1 0 0 2.25624
1 0 1 0.01113
1 0 2 5e-05
1 0 3 0.0
1 1 0 0.73486
1 1 1 0.00362
1 1 2 2e-05
1 1 3 0.0
1 2 0 0.57324
1 2 1 0.00283
1 2 2 1e-05
1 2 3 0.0
1 3 0 0.73251
1 3 1 0.00361
1 3 2 2e-05
1 3 3 0.0
1 4 0 1.11379
1 4 1 0.00549
1 4 2 3e-05
1 4 3 0.0
1 5 0 0.16648
1 5 1 0.00082
1 5 2 0.0
1 5 3 0.0
1 6 0 4.88655
1 6 1 0.0241
1 6 2 0.00012
1 6 3 0.0
1 7 0 0.38317
1 7 1 0.00189
1 7 2 1e-05
1 7 3 0.0
1 8 0 0.38524
1 8 1 0.0019
1 8 2 1e-05
1 8 3 0.0
1 9 0 3.33001
1 9 1 0.01642
1 9 2 8e-05
1 9 3 0.0
2 0 0 3.09996
2 0 1 0.01294
2 0 2 5e-05
2 0 3 0.0
2 1 0 1.82893
2 1 1 0.00764
2 1 2 3e-05
2 1 3 0.0
2 2 0 1.57003
2 2 1 0.00656
2 2 2 3e-05
2 2 3 0.0
2 3 0 1.49284
2 3 1 0.00623
2 3 2 3e-05
2 3 3 0.0
2 4 0 1.55559
2 4 1 0.0065
2 4 2 3e-05
2 4 3 0.0
2 5 0 0.83764
2 5 1 0.0035
2 5 2 1e-05
2 5 3 0.0
2 6 0 4.18808
2 6 1 0.01749
2 6 2 7e-05
2 6 3 0.0
2 7 0 1.98011
2 7 1 0.00827
2 7 2 3e-05
2 7 3 0.0
2 8 0 1.10904
2 8 1 0.00463
2 8 2 2e-05
2 8 3 0.0
2 9 0 2.8884
2 9 1 0.01206
2 9 2 5e-05
2 9 3 0.0
-5.0 1.17
-3.09 3.83
-3.47 5.16
-2.52 3.42
-2.1 1.39
-0.03 5.82
-5.21 0.61
-3.44 6.0
-1.18 4.68
-4.38 0.79