12 2 3 1
108 2
0 0 0 6.97195
0 0 1 0.00022
0 0 2 0.0
0 1 0 0.2415
0 1 1 1e-05
0 1 2 0.0
0 2 0 0.77401
0 2 1 2e-05
0 2 2 0.0
0 3 0 0.164
0 3 1 1e-05
0 3 2 0.0
0 4 0 8.01351
0 4 1 0.00025
0 4 2 0.0
0 5 0 4.57567
0 5 1 0.00014
0 5 2 0.0
0 6 0 0.24983
0 6 1 1e-05
0 6 2 0.0
0 7 0 0.72047
0 7 1 2e-05
0 7 2 0.0
0 8 0 17.28257
0 8 1 0.00054
0 8 2 0.0
0 9 0 4.5514
0 9 1 0.00014
0 9 2 0.0
0 10 0 0.33342
0 10 1 1e-05
0 10 2 0.0
0 11 0 0.17693
0 11 1 1e-05
0 11 2 0.0
1 0 0 45.62452
1 0 1 0.00577
1 0 2 0.0
1 1 0 0.75803
1 1 1 0.0001
1 1 2 0.0
1 2 0 0.06651
1 2 1 1e-05
1 2 2 0.0
1 3 0 0.39168
1 3 1 5e-05
1 3 2 0.0
1 4 0 60.03796
1 4 1 0.00759
1 4 2 0.0
1 5 0 5.15148
1 5 1 0.00065
1 5 2 0.0
1 6 0 0.05726
1 6 1 1e-05
1 6 2 0.0
1 7 0 1.26841
1 7 1 0.00016
1 7 2 0.0
1 8 0 11.7586
1 8 1 0.00149
1 8 2 0.0
1 9 0 6.02905
1 9 1 0.00076
1 9 2 0.0
1 10 0 0.04042
1 10 1 1e-05
1 10 2 0.0
1 11 0 0.03553
1 11 1 0.0
1 11 2 0.0
2 0 0 2.76684
2 0 1 3e-05
2 0 2 0.0
2 1 0 1.33229
2 1 1 1e-05
2 1 2 0.0
2 2 0 0.72663
2 2 1 1e-05
2 2 2 0.0
2 3 0 0.94353
2 3 1 1e-05
2 3 2 0.0
2 4 0 2.38561
2 4 1 2e-05
2 4 2 0.0
2 5 0 1.31982
2 5 1 1e-05
2 5 2 0.0
2 6 0 0.66821
2 6 1 1e-05
2 6 2 0.0
2 7 0 2.35906
2 7 1 2e-05
2 7 2 0.0
2 8 0 2.04229
2 8 1 2e-05
2 8 2 0.0
2 9 0 1.84677
2 9 1 2e-05
2 9 2 0.0
2 10 0 0.5857
2 10 1 1e-05
2 10 2 0.0
2 11 0 1.14297
2 11 1 1e-05
2 11 2 0.0
-4.62 0.14
-3.96 7.63
-0.06 1.86
-0.39 6.87
-7.05 5.75
-1.28 2.09
-0.84 4.43
-1.02 2.22
-6.63 7.15
-6.37 6.83
-0.28 6.57
-0.29 6.83