12 3 4 2
192 3
0 0 0 0.65162
0 0 1 0.00303
0 0 2 1e-05
0 0 3 0.0
0 1 0 0.84454
0 1 1 0.00392
0 1 2 2e-05
0 1 3 0.0
0 2 0 0.73018
0 2 1 0.00339
0 2 2 2e-05
0 2 3 0.0
0 3 0 1.83035
0 3 1 0.0085
0 3 2 4e-05
0 3 3 0.0
0 4 0 0.75625
0 4 1 0.00351
0 4 2 2e-05
0 4 3 0.0
0 5 0 0.63652
0 5 1 0.00296
0 5 2 1e-05
0 5 3 0.0
0 6 0 1.09945
0 6 1 0.00511
0 6 2 2e-05
0 6 3 0.0
0 7 0 4.09149
0 7 1 0.01901
0 7 2 9e-05
0 7 3 0.0
0 8 0 3.85157
0 8 1 0.01789
0 8 2 8e-05
0 8 3 0.0
0 9 0 3.88736
0 9 1 0.01806
0 9 2 8e-05
0 9 3 0.0
0 10 0 1.91562
0 10 1 0.0089
0 10 2 4e-05
0 10 3 0.0
0 11 0 4.09132
0 11 1 0.019
0 11 2 9e-05
0 11 3 0.0
1 0 0 0.24641
1 0 1 0.00062
1 0 2 0.0
1 0 3 0.0
1 1 0 0.69396
1 1 1 0.00176
1 1 2 0.0
1 1 3 0.0
1 2 0 0.48874
1 2 1 0.00124
1 2 2 0.0
1 2 3 0.0
1 3 0 1.5373
1 3 1 0.0039
1 3 2 1e-05
1 3 3 0.0
1 4 0 0.29535
1 4 1 0.00075
1 4 2 0.0
1 4 3 0.0
1 5 0 0.16903
1 5 1 0.00043
1 5 2 0.0
1 5 3 0.0
1 6 0 0.36505
1 6 1 0.00093
1 6 2 0.0
1 6 3 0.0
1 7 0 2.6007
1 7 1 0.0066
1 7 2 2e-05
1 7 3 0.0
1 8 0 1.54961
1 8 1 0.00393
1 8 2 1e-05
1 8 3 0.0
1 9 0 3.73994
1 9 1 0.00949
1 9 2 2e-05
1 9 3 0.0
1 10 0 0.7753
1 10 1 0.00197
1 10 2 0.0
1 10 3 0.0
1 11 0 3.88698
1 11 1 0.00986
1 11 2 3e-05
1 11 3 0.0
2 0 0 0.20736
2 0 1 0.00076
2 0 2 0.0
2 0 3 0.0
2 1 0 0.60552
2 1 1 0.00222
2 1 2 1e-05
2 1 3 0.0
2 2 0 0.38422
2 2 1 0.00141
2 2 2 1e-05
2 2 3 0.0
2 3 0 3.44672
2 3 1 0.01262
2 3 2 5e-05
2 3 3 0.0
2 4 0 0.29503
2 4 1 0.00108
2 4 2 0.0
2 4 3 0.0
2 5 0 0.1572
2 5 1 0.00058
2 5 2 0.0
2 5 3 0.0
2 6 0 0.61309
2 6 1 0.00224
2 6 2 1e-05
2 6 3 0.0
2 7 0 17.36565
2 7 1 0.06358
2 7 2 0.00023
2 7 3 0.0
2 8 0 11.34807
2 8 1 0.04155
2 8 2 0.00015
2 8 3 0.0
2 9 0 20.16109
2 9 1 0.07382
2 9 2 0.00027
2 9 3 0.0
2 10 0 2.39886
2 10 1 0.00878
2 10 2 3e-05
2 10 3 0.0
2 11 0 22.41703
2 11 1 0.08208
2 11 2 0.0003
2 11 3 0.0
3 0 0 0.72876
3 0 1 0.00057
3 0 2 0.0
3 0 3 0.0
3 1 0 0.87878
3 1 1 0.00069
3 1 2 0.0
3 1 3 0.0
3 2 0 0.7869
3 2 1 0.00062
3 2 2 0.0
3 2 3 0.0
3 3 0 1.62075
3 3 1 0.00127
3 3 2 0.0
3 3 3 0.0
3 4 0 0.81937
3 4 1 0.00064
3 4 2 0.0
3 4 3 0.0
3 5 0 0.72131
3 5 1 0.00057
3 5 2 0.0
3 5 3 0.0
3 6 0 1.10623
3 6 1 0.00087
3 6 2 0.0
3 6 3 0.0
3 7 0 3.08499
3 7 1 0.00242
3 7 2 0.0
3 7 3 0.0
3 8 0 2.97254
3 8 1 0.00233
3 8 2 0.0
3 8 3 0.0
3 9 0 2.93377
3 9 1 0.0023
3 9 2 0.0
3 9 3 0.0
3 10 0 1.7093
3 10 1 0.00134
3 10 2 0.0
3 10 3 0.0
3 11 0 3.05594
3 11 1 0.0024
3 11 2 0.0
3 11 3 0.0
-1.1 4.11
-0.01 0.82
-0.1 1.68
-1.95 0.82
-1.41 3.99
-1.84 5.62
-2.74 4.73
-4.65 2.11
-5.53 4.06
-3.58 0.33
-3.72 3.95
-3.74 0.39