14 3 3 2
168 3
0 0 0 1.14531
0 0 1 0.00342
0 0 2 1e-05
0 0 3 0.0
0 1 0 0.54585
0 1 1 0.00163
0 1 2 0.0
0 1 3 0.0
0 2 0 4.11582
0 2 1 0.01228
0 2 2 4e-05
0 2 3 0.0
0 3 0 0.70095
0 3 1 0.00209
0 3 2 1e-05
0 3 3 0.0
0 4 0 0.25512
0 4 1 0.00076
0 4 2 0.0
0 4 3 0.0
0 5 0 0.97846
0 5 1 0.00292
0 5 2 1e-05
0 5 3 0.0
0 6 0 0.6362
0 6 1 0.0019
0 6 2 1e-05
0 6 3 0.0
0 7 0 17.99675
0 7 1 0.05367
0 7 2 0.00016
0 7 3 0.0
0 8 0 1.57104
0 8 1 0.00469
0 8 2 1e-05
0 8 3 0.0
0 9 0 0.77155
0 9 1 0.0023
0 9 2 1e-05
0 9 3 0.0
0 10 0 6.15164
0 10 1 0.01835
0 10 2 5e-05
0 10 3 0.0
0 11 0 5.26244
0 11 1 0.01569
0 11 2 5e-05
0 11 3 0.0
0 12 0 1.3264
0 12 1 0.00396
0 12 2 1e-05
0 12 3 0.0
0 13 0 0.61116
0 13 1 0.00182
0 13 2 1e-05
0 13 3 0.0
1 0 0 2.38378
1 0 1 0.01084
1 0 2 5e-05
1 0 3 0.0
1 1 0 0.19248
1 1 1 0.00088
1 1 2 0.0
1 1 3 0.0
1 2 0 5.05544
1 2 1 0.023
1 2 2 0.0001
1 2 3 0.0
1 3 0 1.44824
1 3 1 0.00659
1 3 2 3e-05
1 3 3 0.0
1 4 0 0.37859
1 4 1 0.00172
1 4 2 1e-05
1 4 3 0.0
1 5 0 1.21474
1 5 1 0.00553
1 5 2 3e-05
1 5 3 0.0
1 6 0 0.84956
1 6 1 0.00386
1 6 2 2e-05
1 6 3 0.0
1 7 0 11.31076
1 7 1 0.05145
1 7 2 0.00023
1 7 3 0.0
1 8 0 3.49398
1 8 1 0.01589
1 8 2 7e-05
1 8 3 0.0
1 9 0 0.47098
1 9 1 0.00214
1 9 2 1e-05
1 9 3 0.0
1 10 0 5.73111
1 10 1 0.02607
1 10 2 0.00012
1 10 3 0.0
1 11 0 4.36845
1 11 1 0.01987
1 11 2 9e-05
1 11 3 0.0
1 12 0 1.07098
1 12 1 0.00487
1 12 2 2e-05
1 12 3 0.0
1 13 0 0.49205
1 13 1 0.00224
1 13 2 1e-05
1 13 3 0.0
2 0 0 0.90002
2 0 1 0.00095
2 0 2 0.0
2 0 3 0.0
2 1 0 0.70425
2 1 1 0.00074
2 1 2 0.0
2 1 3 0.0
2 2 0 4.33524
2 2 1 0.00457
2 2 2 0.0
2 2 3 0.0
2 3 0 0.83513
2 3 1 0.00088
2 3 2 0.0
2 3 3 0.0
2 4 0 0.59084
2 4 1 0.00062
2 4 2 0.0
2 4 3 0.0
2 5 0 0.87569
2 5 1 0.00092
2 5 2 0.0
2 5 3 0.0
2 6 0 0.90001
2 6 1 0.00095
2 6 2 0.0
2 6 3 0.0
2 7 0 3.35496
2 7 1 0.00353
2 7 2 0.0
2 7 3 0.0
2 8 0 1.35468
2 8 1 0.00143
2 8 2 0.0
2 8 3 0.0
2 9 0 0.54802
2 9 1 0.00058
2 9 2 0.0
2 9 3 0.0
2 10 0 4.07322
2 10 1 0.00429
2 10 2 0.0
2 10 3 0.0
2 11 0 2.96483
2 11 1 0.00312
2 11 2 0.0
2 11 3 0.0
2 12 0 1.63013
2 12 1 0.00172
2 12 2 0.0
2 12 3 0.0
2 13 0 0.67239
2 13 1 0.00071
2 13 2 0.0
2 13 3 0.0
-2.06 2.78
-0.6 3.37
-3.46 1.89
-0.12 0.69
-1.34 5.99
-1.3 2.9
-2.83 5.58
-3.78 1.57
-2.48 2.94
-2.29 5.89
-4.63 3.12
-5.66 5.7
-0.7 1.19
-0.47 2.59