14 3 4 3
280 4
0 0 0 3.47061
0 0 1 0.01438
0 0 2 6e-05
0 0 3 0.0
0 0 4 0.0
0 1 0 1.54828
0 1 1 0.00641
0 1 2 3e-05
0 1 3 0.0
0 1 4 0.0
0 2 0 0.99295
0 2 1 0.00411
0 2 2 2e-05
0 2 3 0.0
0 2 4 0.0
0 3 0 1.41603
0 3 1 0.00587
0 3 2 2e-05
0 3 3 0.0
0 3 4 0.0
0 4 0 1.59073
0 4 1 0.00659
0 4 2 3e-05
0 4 3 0.0
0 4 4 0.0
0 5 0 1.60874
0 5 1 0.00666
0 5 2 3e-05
0 5 3 0.0
0 5 4 0.0
0 6 0 0.35082
0 6 1 0.00145
0 6 2 1e-05
0 6 3 0.0
0 6 4 0.0
0 7 0 2.33876
0 7 1 0.00969
0 7 2 4e-05
0 7 3 0.0
0 7 4 0.0
0 8 0 1.28257
0 8 1 0.00531
0 8 2 2e-05
0 8 3 0.0
0 8 4 0.0
0 9 0 4.62267
0 9 1 0.01915
0 9 2 8e-05
0 9 3 0.0
0 9 4 0.0
0 10 0 2.98862
0 10 1 0.01238
0 10 2 5e-05
0 10 3 0.0
0 10 4 0.0
0 11 0 0.3131
0 11 1 0.0013
0 11 2 1e-05
0 11 3 0.0
0 11 4 0.0
0 12 0 1.18991
0 12 1 0.00493
0 12 2 2e-05
0 12 3 0.0
0 12 4 0.0
0 13 0 1.21967
0 13 1 0.00505
0 13 2 2e-05
0 13 3 0.0
0 13 4 0.0
1 0 0 5.07571
1 0 1 0.30261
1 0 2 0.01804
1 0 3 0.00108
1 0 4 6e-05
1 1 0 0.66291
1 1 1 0.03952
1 1 2 0.00236
1 1 3 0.00014
1 1 4 1e-05
1 2 0 0.20838
1 2 1 0.01242
1 2 2 0.00074
1 2 3 4e-05
1 2 4 0.0
1 3 0 9.53089
1 3 1 0.56823
1 3 2 0.03388
1 3 3 0.00202
1 3 4 0.00012
1 4 0 2.04306
1 4 1 0.12181
1 4 2 0.00726
1 4 3 0.00043
1 4 4 3e-05
1 5 0 1.33983
1 5 1 0.07988
1 5 2 0.00476
1 5 3 0.00028
1 5 4 2e-05
1 6 0 0.53013
1 6 1 0.03161
1 6 2 0.00188
1 6 3 0.00011
1 6 4 1e-05
1 7 0 1.00973
1 7 1 0.0602
1 7 2 0.00359
1 7 3 0.00021
1 7 4 1e-05
1 8 0 1.12129
1 8 1 0.06685
1 8 2 0.00399
1 8 3 0.00024
1 8 4 1e-05
1 9 0 1.78253
1 9 1 0.10627
1 9 2 0.00634
1 9 3 0.00038
1 9 4 2e-05
1 10 0 4.80963
1 10 1 0.28675
1 10 2 0.0171
1 10 3 0.00102
1 10 4 6e-05
1 11 0 0.38544
1 11 1 0.02298
1 11 2 0.00137
1 11 3 8e-05
1 11 4 0.0
1 12 0 2.77102
1 12 1 0.16521
1 12 2 0.00985
1 12 3 0.00059
1 12 4 4e-05
1 13 0 3.37277
1 13 1 0.20108
1 13 2 0.01199
1 13 3 0.00071
1 13 4 4e-05
2 0 0 1.88641
2 0 1 0.06005
2 0 2 0.00191
2 0 3 6e-05
2 0 4 0.0
2 1 0 1.72581
2 1 1 0.05494
2 1 2 0.00175
2 1 3 6e-05
2 1 4 0.0
2 2 0 0.99716
2 2 1 0.03174
2 2 2 0.00101
2 2 3 3e-05
2 2 4 0.0
2 3 0 2.55371
2 3 1 0.0813
2 3 2 0.00259
2 3 3 8e-05
2 3 4 0.0
2 4 0 1.33705
2 4 1 0.04257
2 4 2 0.00136
2 4 3 4e-05
2 4 4 0.0
2 5 0 0.73875
2 5 1 0.02352
2 5 2 0.00075
2 5 3 2e-05
2 5 4 0.0
2 6 0 0.47145
2 6 1 0.01501
2 6 2 0.00048
2 6 3 2e-05
2 6 4 0.0
2 7 0 1.708
2 7 1 0.05437
2 7 2 0.00173
2 7 3 6e-05
2 7 4 0.0
2 8 0 1.03356
2 8 1 0.0329
2 8 2 0.00105
2 8 3 3e-05
2 8 4 0.0
2 9 0 1.74081
2 9 1 0.05542
2 9 2 0.00176
2 9 3 6e-05
2 9 4 0.0
2 10 0 1.96314
2 10 1 0.0625
2 10 2 0.00199
2 10 3 6e-05
2 10 4 0.0
2 11 0 0.32959
2 11 1 0.01049
2 11 2 0.00033
2 11 3 1e-05
2 11 4 0.0
2 12 0 2.07667
2 12 1 0.06611
2 12 2 0.0021
2 12 3 7e-05
2 12 4 0.0
2 13 0 1.35886
2 13 1 0.04326
2 13 2 0.00138
2 13 3 4e-05
2 13 4 0.0
3 0 0 3.25149
3 0 1 0.01929
3 0 2 0.00011
3 0 3 0.0
3 0 4 0.0
3 1 0 1.40236
3 1 1 0.00832
3 1 2 5e-05
3 1 3 0.0
3 1 4 0.0
3 2 0 0.4889
3 2 1 0.0029
3 2 2 2e-05
3 2 3 0.0
3 2 4 0.0
3 3 0 8.11705
3 3 1 0.04816
3 3 2 0.00029
3 3 3 0.0
3 3 4 0.0
3 4 0 1.55886
3 4 1 0.00925
3 4 2 5e-05
3 4 3 0.0
3 4 4 0.0
3 5 0 1.18202
3 5 1 0.00701
3 5 2 4e-05
3 5 3 0.0
3 5 4 0.0
3 6 0 0.95759
3 6 1 0.00568
3 6 2 3e-05
3 6 3 0.0
3 6 4 0.0
3 7 0 1.42019
3 7 1 0.00843
3 7 2 5e-05
3 7 3 0.0
3 7 4 0.0
3 8 0 1.30084
3 8 1 0.00772
3 8 2 5e-05
3 8 3 0.0
3 8 4 0.0
3 9 0 7.21165
3 9 1 0.04279
3 9 2 0.00025
3 9 3 0.0
3 9 4 0.0
3 10 0 4.97961
3 10 1 0.02955
3 10 2 0.00018
3 10 3 0.0
3 10 4 0.0
3 11 0 0.17681
3 11 1 0.00105
3 11 2 1e-05
3 11 3 0.0
3 11 4 0.0
3 12 0 2.93409
3 12 1 0.01741
3 12 2 0.0001
3 12 3 0.0
3 12 4 0.0
3 13 0 0.93781
3 13 1 0.00556
3 13 2 3e-05
3 13 3 0.0
3 13 4 0.0
-2.74 0.28
-0.8 0.48
-0.74 2.85
-4.71 1.79
-2.56 0.33
-2.59 1.95
-1.4 3.41
-3.33 2.0
-1.69 1.31
-3.69 0.52
-4.77 0.56
-0.13 3.52
-1.69 0.29
-4.19 3.25