16 4 4 2
256 3
0 0 0 170.67558
0 0 1 0.05334
0 0 2 2e-05
0 0 3 0.0
0 1 0 4.27544
0 1 1 0.00134
0 1 2 0.0
0 1 3 0.0
0 2 0 115.20626
0 2 1 0.03601
0 2 2 1e-05
0 2 3 0.0
0 3 0 2.77062
0 3 1 0.00087
0 3 2 0.0
0 3 3 0.0
0 4 0 6.37216
0 4 1 0.00199
0 4 2 0.0
0 4 3 0.0
0 5 0 14.46774
0 5 1 0.00452
0 5 2 0.0
0 5 3 0.0
0 6 0 9.44127
0 6 1 0.00295
0 6 2 0.0
0 6 3 0.0
0 7 0 0.44694
0 7 1 0.00014
0 7 2 0.0
0 7 3 0.0
0 8 0 8.84872
0 8 1 0.00277
0 8 2 0.0
0 8 3 0.0
0 9 0 150.94894
0 9 1 0.04718
0 9 2 1e-05
0 9 3 0.0
0 10 0 0.69488
0 10 1 0.00022
0 10 2 0.0
0 10 3 0.0
0 11 0 138.56416
0 11 1 0.04331
0 11 2 1e-05
0 11 3 0.0
0 12 0 1.41668
0 12 1 0.00044
0 12 2 0.0
0 12 3 0.0
0 13 0 0.13311
0 13 1 4e-05
0 13 2 0.0
0 13 3 0.0
0 14 0 16.95162
0 14 1 0.0053
0 14 2 0.0
0 14 3 0.0
0 15 0 0.09348
0 15 1 3e-05
0 15 2 0.0
0 15 3 0.0
1 0 0 14.37544
1 0 1 0.0009
1 0 2 0.0
1 0 3 0.0
1 1 0 0.52733
1 1 1 3e-05
1 1 2 0.0
1 1 3 0.0
1 2 0 5.56909
1 2 1 0.00035
1 2 2 0.0
1 2 3 0.0
1 3 0 0.17753
1 3 1 1e-05
1 3 2 0.0
1 3 3 0.0
1 4 0 1.79846
1 4 1 0.00011
1 4 2 0.0
1 4 3 0.0
1 5 0 1.75241
1 5 1 0.00011
1 5 2 0.0
1 5 3 0.0
1 6 0 0.67122
1 6 1 4e-05
1 6 2 0.0
1 6 3 0.0
1 7 0 0.13057
1 7 1 1e-05
1 7 2 0.0
1 7 3 0.0
1 8 0 0.25859
1 8 1 2e-05
1 8 2 0.0
1 8 3 0.0
1 9 0 6.25902
1 9 1 0.00039
1 9 2 0.0
1 9 3 0.0
1 10 0 0.24004
1 10 1 2e-05
1 10 2 0.0
1 10 3 0.0
1 11 0 2.23337
1 11 1 0.00014
1 11 2 0.0
1 11 3 0.0
1 12 0 0.27428
1 12 1 2e-05
1 12 2 0.0
1 12 3 0.0
1 13 0 0.0791
1 13 1 0.0
1 13 2 0.0
1 13 3 0.0
1 14 0 4.49092
1 14 1 0.00028
1 14 2 0.0
1 14 3 0.0
1 15 0 0.02281
1 15 1 0.0
1 15 2 0.0
1 15 3 0.0
2 0 0 28.56355
2 0 1 0.01185
2 0 2 0.0
2 0 3 0.0
2 1 0 2.37765
2 1 1 0.00099
2 1 2 0.0
2 1 3 0.0
2 2 0 16.4658
2 2 1 0.00683
2 2 2 0.0
2 2 3 0.0
2 3 0 3.17134
2 3 1 0.00132
2 3 2 0.0
2 3 3 0.0
2 4 0 7.83806
2 4 1 0.00325
2 4 2 0.0
2 4 3 0.0
2 5 0 4.37273
2 5 1 0.00181
2 5 2 0.0
2 5 3 0.0
2 6 0 16.82795
2 6 1 0.00698
2 6 2 0.0
2 6 3 0.0
2 7 0 1.45328
2 7 1 0.0006
2 7 2 0.0
2 7 3 0.0
2 8 0 2.59577
2 8 1 0.00108
2 8 2 0.0
2 8 3 0.0
2 9 0 16.81121
2 9 1 0.00697
2 9 2 0.0
2 9 3 0.0
2 10 0 0.44775
2 10 1 0.00019
2 10 2 0.0
2 10 3 0.0
2 11 0 19.51947
2 11 1 0.0081
2 11 2 0.0
2 11 3 0.0
2 12 0 0.74324
2 12 1 0.00031
2 12 2 0.0
2 12 3 0.0
2 13 0 0.27313
2 13 1 0.00011
2 13 2 0.0
2 13 3 0.0
2 14 0 41.5623
2 14 1 0.01724
2 14 2 1e-05
2 14 3 0.0
2 15 0 0.1174
2 15 1 5e-05
2 15 2 0.0
2 15 3 0.0
3 0 0 20.45892
3 0 1 0.00429
3 0 2 0.0
3 0 3 0.0
3 1 0 1.29922
3 1 1 0.00027
3 1 2 0.0
3 1 3 0.0
3 2 0 13.10845
3 2 1 0.00275
3 2 2 0.0
3 2 3 0.0
3 3 0 0.75337
3 3 1 0.00016
3 3 2 0.0
3 3 3 0.0
3 4 0 4.24109
3 4 1 0.00089
3 4 2 0.0
3 4 3 0.0
3 5 0 2.69431
3 5 1 0.00056
3 5 2 0.0
3 5 3 0.0
3 6 0 1.79296
3 6 1 0.00038
3 6 2 0.0
3 6 3 0.0
3 7 0 0.66915
3 7 1 0.00014
3 7 2 0.0
3 7 3 0.0
3 8 0 1.21326
3 8 1 0.00025
3 8 2 0.0
3 8 3 0.0
3 9 0 9.47502
3 9 1 0.00199
3 9 2 0.0
3 9 3 0.0
3 10 0 0.69108
3 10 1 0.00014
3 10 2 0.0
3 10 3 0.0
3 11 0 6.31327
3 11 1 0.00132
3 11 2 0.0
3 11 3 0.0
3 12 0 0.6826
3 12 1 0.00014
3 12 2 0.0
3 12 3 0.0
3 13 0 0.18773
3 13 1 4e-05
3 13 2 0.0
3 13 3 0.0
3 14 0 11.78822
3 14 1 0.00247
3 14 2 0.0
3 14 3 0.0
3 15 0 0.14733
3 15 1 3e-05
3 15 2 0.0
3 15 3 0.0
-5.3 2.45
-1.19 2.05
-4.97 2.86
-3.07 5.16
-2.9 2.38
-2.33 1.77
-4.71 5.32
-1.28 3.54
-3.47 5.22
-4.12 1.41
-0.03 1.89
-4.51 3.62
-0.01 1.92
-0.9 5.14
-3.11 0.66
-0.19 5.43