16 4 5 3
400 4
0 0 0 0.93257
0 0 1 0.00532
0 0 2 3e-05
0 0 3 0.0
0 0 4 0.0
0 1 0 3.75038
0 1 1 0.0214
0 1 2 0.00012
0 1 3 0.0
0 1 4 0.0
0 2 0 0.29981
0 2 1 0.00171
0 2 2 1e-05
0 2 3 0.0
0 2 4 0.0
0 3 0 5.62766
0 3 1 0.03211
0 3 2 0.00018
0 3 3 0.0
0 3 4 0.0
0 4 0 1.54826
0 4 1 0.00883
0 4 2 5e-05
0 4 3 0.0
0 4 4 0.0
0 5 0 1.9434
0 5 1 0.01109
0 5 2 6e-05
0 5 3 0.0
0 5 4 0.0
0 6 0 1.61442
0 6 1 0.00921
0 6 2 5e-05
0 6 3 0.0
0 6 4 0.0
0 7 0 1.24057
0 7 1 0.00708
0 7 2 4e-05
0 7 3 0.0
0 7 4 0.0
0 8 0 2.17595
0 8 1 0.01242
0 8 2 7e-05
0 8 3 0.0
0 8 4 0.0
0 9 0 0.9698
0 9 1 0.00553
0 9 2 3e-05
0 9 3 0.0
0 9 4 0.0
0 10 0 0.58225
0 10 1 0.00332
0 10 2 2e-05
0 10 3 0.0
0 10 4 0.0
0 11 0 0.86108
0 11 1 0.00491
0 11 2 3e-05
0 11 3 0.0
0 11 4 0.0
0 12 0 0.50007
0 12 1 0.00285
0 12 2 2e-05
0 12 3 0.0
0 12 4 0.0
0 13 0 0.20689
0 13 1 0.00118
0 13 2 1e-05
0 13 3 0.0
0 13 4 0.0
0 14 0 1.85054
0 14 1 0.01056
0 14 2 6e-05
0 14 3 0.0
0 14 4 0.0
0 15 0 2.52133
0 15 1 0.01439
0 15 2 8e-05
0 15 3 0.0
0 15 4 0.0
1 0 0 2.17183
1 0 1 0.07346
1 0 2 0.00248
1 0 3 8e-05
1 0 4 0.0
1 1 0 2.77606
1 1 1 0.09389
1 1 2 0.00318
1 1 3 0.00011
1 1 4 0.0
1 2 0 0.43163
1 2 1 0.0146
1 2 2 0.00049
1 2 3 2e-05
1 2 4 0.0
1 3 0 27.27132
1 3 1 0.92237
1 3 2 0.0312
1 3 3 0.00106
1 3 4 4e-05
1 4 0 1.95047
1 4 1 0.06597
1 4 2 0.00223
1 4 3 8e-05
1 4 4 0.0
1 5 0 6.44608
1 5 1 0.21802
1 5 2 0.00737
1 5 3 0.00025
1 5 4 1e-05
1 6 0 1.84925
1 6 1 0.06255
1 6 2 0.00212
1 6 3 7e-05
1 6 4 0.0
1 7 0 1.24008
1 7 1 0.04194
1 7 2 0.00142
1 7 3 5e-05
1 7 4 0.0
1 8 0 1.16424
1 8 1 0.03938
1 8 2 0.00133
1 8 3 5e-05
1 8 4 0.0
1 9 0 1.29233
1 9 1 0.04371
1 9 2 0.00148
1 9 3 5e-05
1 9 4 0.0
1 10 0 0.68176
1 10 1 0.02306
1 10 2 0.00078
1 10 3 3e-05
1 10 4 0.0
1 11 0 0.45991
1 11 1 0.01556
1 11 2 0.00053
1 11 3 2e-05
1 11 4 0.0
1 12 0 0.40528
1 12 1 0.01371
1 12 2 0.00046
1 12 3 2e-05
1 12 4 0.0
1 13 0 1.01708
1 13 1 0.0344
1 13 2 0.00116
1 13 3 4e-05
1 13 4 0.0
1 14 0 0.40669
1 14 1 0.01375
1 14 2 0.00047
1 14 3 2e-05
1 14 4 0.0
1 15 0 4.1599
1 15 1 0.1407
1 15 2 0.00476
1 15 3 0.00016
1 15 4 1e-05
2 0 0 2.04089
2 0 1 0.19311
2 0 2 0.01827
2 0 3 0.00173
2 0 4 0.00016
2 1 0 2.66179
2 1 1 0.25187
2 1 2 0.02383
2 1 3 0.00226
2 1 4 0.00021
2 2 0 0.52304
2 2 1 0.04949
2 2 2 0.00468
2 2 3 0.00044
2 2 4 4e-05
2 3 0 6.24581
2 3 1 0.59099
2 3 2 0.05592
2 3 3 0.00529
2 3 4 0.0005
2 4 0 0.55464
2 4 1 0.05248
2 4 2 0.00497
2 4 3 0.00047
2 4 4 4e-05
2 5 0 1.02627
2 5 1 0.09711
2 5 2 0.00919
2 5 3 0.00087
2 5 4 8e-05
2 6 0 2.88368
2 6 1 0.27286
2 6 2 0.02582
2 6 3 0.00244
2 6 4 0.00023
2 7 0 1.77443
2 7 1 0.1679
2 7 2 0.01589
2 7 3 0.0015
2 7 4 0.00014
2 8 0 1.32263
2 8 1 0.12515
2 8 2 0.01184
2 8 3 0.00112
2 8 4 0.00011
2 9 0 1.35424
2 9 1 0.12814
2 9 2 0.01213
2 9 3 0.00115
2 9 4 0.00011
2 10 0 0.665
2 10 1 0.06292
2 10 2 0.00595
2 10 3 0.00056
2 10 4 5e-05
2 11 0 0.55901
2 11 1 0.05289
2 11 2 0.00501
2 11 3 0.00047
2 11 4 4e-05
2 12 0 0.97528
2 12 1 0.09228
2 12 2 0.00873
2 12 3 0.00083
2 12 4 8e-05
2 13 0 0.37497
2 13 1 0.03548
2 13 2 0.00336
2 13 3 0.00032
2 13 4 3e-05
2 14 0 1.32193
2 14 1 0.12508
2 14 2 0.01184
2 14 3 0.00112
2 14 4 0.00011
2 15 0 2.3014
2 15 1 0.21776
2 15 2 0.02061
2 15 3 0.00195
2 15 4 0.00018
3 0 0 1.50408
3 0 1 0.02544
3 0 2 0.00043
3 0 3 1e-05
3 0 4 0.0
3 1 0 4.69065
3 1 1 0.07935
3 1 2 0.00134
3 1 3 2e-05
3 1 4 0.0
3 2 0 0.28197
3 2 1 0.00477
3 2 2 8e-05
3 2 3 0.0
3 2 4 0.0
3 3 0 11.61735
3 3 1 0.19652
3 3 2 0.00332
3 3 3 6e-05
3 3 4 0.0
3 4 0 0.66915
3 4 1 0.01132
3 4 2 0.00019
3 4 3 0.0
3 4 4 0.0
3 5 0 2.63903
3 5 1 0.04464
3 5 2 0.00076
3 5 3 1e-05
3 5 4 0.0
3 6 0 15.70518
3 6 1 0.26568
3 6 2 0.00449
3 6 3 8e-05
3 6 4 0.0
3 7 0 5.10176
3 7 1 0.0863
3 7 2 0.00146
3 7 3 2e-05
3 7 4 0.0
3 8 0 6.16967
3 8 1 0.10437
3 8 2 0.00177
3 8 3 3e-05
3 8 4 0.0
3 9 0 1.67902
3 9 1 0.0284
3 9 2 0.00048
3 9 3 1e-05
3 9 4 0.0
3 10 0 0.73887
3 10 1 0.0125
3 10 2 0.00021
3 10 3 0.0
3 10 4 0.0
3 11 0 0.64717
3 11 1 0.01095
3 11 2 0.00019
3 11 3 0.0
3 11 4 0.0
3 12 0 0.47406
3 12 1 0.00802
3 12 2 0.00014
3 12 3 0.0
3 12 4 0.0
3 13 0 0.44307
3 13 1 0.0075
3 13 2 0.00013
3 13 3 0.0
3 13 4 0.0
3 14 0 1.65194
3 14 1 0.02794
3 14 2 0.00047
3 14 3 1e-05
3 14 4 0.0
3 15 0 2.87937
3 15 1 0.04871
3 15 2 0.00082
3 15 3 1e-05
3 15 4 0.0
4 0 0 5.63439
4 0 1 0.08386
4 0 2 0.00125
4 0 3 2e-05
4 0 4 0.0
4 1 0 3.33014
4 1 1 0.04956
4 1 2 0.00074
4 1 3 1e-05
4 1 4 0.0
4 2 0 1.10913
4 2 1 0.01651
4 2 2 0.00025
4 2 3 0.0
4 2 4 0.0
4 3 0 8.10063
4 3 1 0.12057
4 3 2 0.00179
4 3 3 3e-05
4 3 4 0.0
4 4 0 2.06345
4 4 1 0.03071
4 4 2 0.00046
4 4 3 1e-05
4 4 4 0.0
4 5 0 1.27125
4 5 1 0.01892
4 5 2 0.00028
4 5 3 0.0
4 5 4 0.0
4 6 0 8.55849
4 6 1 0.12738
4 6 2 0.0019
4 6 3 3e-05
4 6 4 0.0
4 7 0 1.02575
4 7 1 0.01527
4 7 2 0.00023
4 7 3 0.0
4 7 4 0.0
4 8 0 2.68783
4 8 1 0.04
4 8 2 0.0006
4 8 3 1e-05
4 8 4 0.0
4 9 0 1.27002
4 9 1 0.0189
4 9 2 0.00028
4 9 3 0.0
4 9 4 0.0
4 10 0 1.37432
4 10 1 0.02045
4 10 2 0.0003
4 10 3 0.0
4 10 4 0.0
4 11 0 0.97961
4 11 1 0.01458
4 11 2 0.00022
4 11 3 0.0
4 11 4 0.0
4 12 0 1.30334
4 12 1 0.0194
4 12 2 0.00029
4 12 3 0.0
4 12 4 0.0
4 13 0 0.50231
4 13 1 0.00748
4 13 2 0.00011
4 13 3 0.0
4 13 4 0.0
4 14 0 0.57868
4 14 1 0.00861
4 14 2 0.00013
4 14 3 0.0
4 14 4 0.0
4 15 0 7.83276
4 15 1 0.11658
4 15 2 0.00174
4 15 3 3e-05
4 15 4 0.0
-3.63 2.44
-3.84 1.69
-0.53 4.49
-4.48 0.08
-2.94 3.31
-4.6 3.87
-3.56 1.03
-2.45 2.65
-4.09 4.27
-1.98 2.17
-1.48 3.4
-2.68 4.84
-0.25 2.25
-2.26 4.64
-0.18 1.25
-4.55 3.35