6 2 2 1
36 2
0 0 0 4.29762
0 0 1 0.0017
0 0 2 0.0
0 1 0 17.07643
0 1 1 0.00676
0 1 2 0.0
0 2 0 1.12392
0 2 1 0.00044
0 2 2 0.0
0 3 0 1.58397
0 3 1 0.00063
0 3 2 0.0
0 4 0 16.43685
0 4 1 0.00651
0 4 2 0.0
0 5 0 1.19774
0 5 1 0.00047
0 5 2 0.0
1 0 0 18.69908
1 0 1 0.00075
1 0 2 0.0
1 1 0 52.90132
1 1 1 0.00213
1 1 2 0.0
1 2 0 1.2849
1 2 1 5e-05
1 2 2 0.0
1 3 0 0.71224
1 3 1 3e-05
1 3 2 0.0
1 4 0 39.22177
1 4 1 0.00158
1 4 2 0.0
1 5 0 2.62016
1 5 1 0.00011
1 5 2 0.0
-4.79 3.45
-6.41 3.47
-1.04 4.33
-2.7 7.12
-7.94 5.89
-3.93 7.3