7 2 2 1
42 2
0 0 0 2.16781
0 0 1 0.00424
0 0 2 1e-05
0 1 0 0.47611
0 1 1 0.00093
0 1 2 0.0
0 2 0 2.06693
0 2 1 0.00404
0 2 2 1e-05
0 3 0 4.81244
0 3 1 0.00941
0 3 2 2e-05
0 4 0 0.94335
0 4 1 0.00184
0 4 2 0.0
0 5 0 6.46499
0 5 1 0.01264
0 5 2 2e-05
0 6 0 0.97321
0 6 1 0.0019
0 6 2 0.0
1 0 0 42.44465
1 0 1 0.00089
1 0 2 0.0
1 1 0 1.17413
1 1 1 2e-05
1 1 2 0.0
1 2 0 17.74782
1 2 1 0.00037
1 2 2 0.0
1 3 0 48.28255
1 3 1 0.00101
1 3 2 0.0
1 4 0 5.94639
1 4 1 0.00012
1 4 2 0.0
1 5 0 60.47093
1 5 1 0.00126
1 5 2 0.0
1 6 0 7.4255
1 6 1 0.00016
1 6 2 0.0
-6.54 5.77
-1.11 5.54
-4.87 3.31
-7.22 5.44
-2.69 3.88
-7.27 4.08
-4.59 6.49