80
5
0.076343 0.1 0.438801
0.444037 0.414106 0.141857
0.479408 0.366482 0.15411
0.123518 0.317955 0.558527
1
1
0
1
1
1
2
1
2
1
1
1
0
0
2
1
1
1
1
1
2
1
1
1
1
2
1
1
1
1
2
1
2
1
1
1
2
1
2
1
0
0
1
2
0
1
0
1
1
2
1
0
1
1
0
1
1
1
1
1
1
1
2
1
2
1
1
1
1
1
1
1
1
2
1
1
1
0
1
1
224
0 0 11
0 2 10
1 0 12
1 2 11
1 1 10
2 0 13
2 2 12
2 1 11
3 0 14
3 2 13
3 1 12
4 0 15
4 2 14
4 1 13
5 0 16
5 2 15
5 1 14
6 0 17
6 2 16
6 1 15
7 0 18
7 2 17
7 1 16
8 0 19
8 2 18
8 1 17
9 2 19
9 1 18
10 0 21
10 2 20
11 0 22
11 2 21
11 1 20
12 0 23
12 2 22
12 1 21
13 0 24
13 2 23
13 1 22
14 0 25
14 2 24
14 1 23
15 0 26
15 2 25
15 1 24
16 0 27
16 2 26
16 1 25
17 0 28
17 2 27
17 1 26
18 0 29
18 2 28
18 1 27
19 2 29
19 1 28
20 0 31
20 2 30
21 0 32
21 2 31
21 1 30
22 0 33
22 2 32
22 1 31
23 0 34
23 2 33
23 1 32
24 0 35
24 2 34
24 1 33
25 0 36
25 2 35
25 1 34
26 0 37
26 2 36
26 1 35
27 0 38
27 2 37
27 1 36
28 0 39
28 2 38
28 1 37
29 2 39
29 1 38
30 0 41
30 2 40
31 0 42
31 2 41
31 1 40
32 0 43
32 2 42
32 1 41
33 0 44
33 2 43
33 1 42
34 0 45
34 2 44
34 1 43
35 0 46
35 2 45
35 1 44
36 0 47
36 2 46
36 1 45
37 0 48
37 2 47
37 1 46
38 0 49
38 2 48
38 1 47
39 2 49
39 1 48
40 0 51
40 2 50
41 0 52
41 2 51
41 1 50
42 0 53
42 2 52
42 1 51
43 0 54
43 2 53
43 1 52
44 0 55
44 2 54
44 1 53
45 0 56
45 2 55
45 1 54
46 0 57
46 2 56
46 1 55
47 0 58
47 2 57
47 1 56
48 0 59
48 2 58
48 1 57
49 2 59
49 1 58
50 0 61
50 2 60
51 0 62
51 2 61
51 1 60
52 0 63
52 2 62
52 1 61
53 0 64
53 2 63
53 1 62
54 0 65
54 2 64
54 1 63
55 0 66
55 2 65
55 1 64
56 0 67
56 2 66
56 1 65
57 0 68
57 2 67
57 1 66
58 0 69
58 2 68
58 1 67
59 2 69
59 1 68
60 0 71
60 2 70
61 0 72
61 2 71
61 1 70
62 0 73
62 2 72
62 1 71
63 0 74
63 2 73
63 1 72
64 0 75
64 2 74
64 1 73
65 0 76
65 2 75
65 1 74
66 0 77
66 2 76
66 1 75
67 0 78
67 2 77
67 1 76
68 0 79
68 2 78
68 1 77
69 2 79
69 1 78
70 0 1
70 2 0
71 0 2
71 2 1
71 1 0
72 0 3
72 2 2
72 1 1
73 0 4
73 2 3
73 1 2
74 0 5
74 2 4
74 1 3
75 0 6
75 2 5
75 1 4
76 0 7
76 2 6
76 1 5
77 0 8
77 2 7
77 1 6
78 0 9
78 2 8
78 1 7
79 2 9
79 1 8
40
0
4
6
9
10
11
12
14
15
16
19
23
25
26
29
30
35
37
38
39
40
42
43
44
46
52
53
55
58
62
63
65
66
67
68
69
73
75
77
78