168
7
0.021226 0.383893 0.773022
0.47417800000000004 0.398075 0.127747
0.357342 0.09079799999999993 0.55186
0.123429 0.382401 0.49417
2
0
0
0
2
0
2
2
2
0
2
2
0
0
2
1
0
1
2
2
2
1
0
1
0
1
0
2
0
2
2
0
0
1
0
2
1
2
0
1
0
1
1
0
0
1
2
1
0
2
2
2
2
1
2
0
1
2
0
2
0
2
2
0
2
1
0
2
0
1
2
0
1
2
0
2
1
2
2
0
2
1
0
2
2
2
2
1
2
2
0
0
2
2
2
0
2
2
2
2
0
2
2
0
1
2
2
0
2
2
1
2
1
2
1
2
2
0
2
1
2
2
1
0
2
1
1
2
2
0
0
0
1
0
0
1
1
2
2
0
2
1
0
2
0
2
0
0
1
0
0
2
1
2
0
0
2
0
1
0
1
2
2
2
0
1
2
2
480
0 0 15
0 2 14
1 0 16
1 2 15
1 1 14
2 0 17
2 2 16
2 1 15
3 0 18
3 2 17
3 1 16
4 0 19
4 2 18
4 1 17
5 0 20
5 2 19
5 1 18
6 0 21
6 2 20
6 1 19
7 0 22
7 2 21
7 1 20
8 0 23
8 2 22
8 1 21
9 0 24
9 2 23
9 1 22
10 0 25
10 2 24
10 1 23
11 0 26
11 2 25
11 1 24
12 0 27
12 2 26
12 1 25
13 2 27
13 1 26
14 0 29
14 2 28
15 0 30
15 2 29
15 1 28
16 0 31
16 2 30
16 1 29
17 0 32
17 2 31
17 1 30
18 0 33
18 2 32
18 1 31
19 0 34
19 2 33
19 1 32
20 0 35
20 2 34
20 1 33
21 0 36
21 2 35
21 1 34
22 0 37
22 2 36
22 1 35
23 0 38
23 2 37
23 1 36
24 0 39
24 2 38
24 1 37
25 0 40
25 2 39
25 1 38
26 0 41
26 2 40
26 1 39
27 2 41
27 1 40
28 0 43
28 2 42
29 0 44
29 2 43
29 1 42
30 0 45
30 2 44
30 1 43
31 0 46
31 2 45
31 1 44
32 0 47
32 2 46
32 1 45
33 0 48
33 2 47
33 1 46
34 0 49
34 2 48
34 1 47
35 0 50
35 2 49
35 1 48
36 0 51
36 2 50
36 1 49
37 0 52
37 2 51
37 1 50
38 0 53
38 2 52
38 1 51
39 0 54
39 2 53
39 1 52
40 0 55
40 2 54
40 1 53
41 2 55
41 1 54
42 0 57
42 2 56
43 0 58
43 2 57
43 1 56
44 0 59
44 2 58
44 1 57
45 0 60
45 2 59
45 1 58
46 0 61
46 2 60
46 1 59
47 0 62
47 2 61
47 1 60
48 0 63
48 2 62
48 1 61
49 0 64
49 2 63
49 1 62
50 0 65
50 2 64
50 1 63
51 0 66
51 2 65
51 1 64
52 0 67
52 2 66
52 1 65
53 0 68
53 2 67
53 1 66
54 0 69
54 2 68
54 1 67
55 2 69
55 1 68
56 0 71
56 2 70
57 0 72
57 2 71
57 1 70
58 0 73
58 2 72
58 1 71
59 0 74
59 2 73
59 1 72
60 0 75
60 2 74
60 1 73
61 0 76
61 2 75
61 1 74
62 0 77
62 2 76
62 1 75
63 0 78
63 2 77
63 1 76
64 0 79
64 2 78
64 1 77
65 0 80
65 2 79
65 1 78
66 0 81
66 2 80
66 1 79
67 0 82
67 2 81
67 1 80
68 0 83
68 2 82
68 1 81
69 2 83
69 1 82
70 0 85
70 2 84
71 0 86
71 2 85
71 1 84
72 0 87
72 2 86
72 1 85
73 0 88
73 2 87
73 1 86
74 0 89
74 2 88
74 1 87
75 0 90
75 2 89
75 1 88
76 0 91
76 2 90
76 1 89
77 0 92
77 2 91
77 1 90
78 0 93
78 2 92
78 1 91
79 0 94
79 2 93
79 1 92
80 0 95
80 2 94
80 1 93
81 0 96
81 2 95
81 1 94
82 0 97
82 2 96
82 1 95
83 2 97
83 1 96
84 0 99
84 2 98
85 0 100
85 2 99
85 1 98
86 0 101
86 2 100
86 1 99
87 0 102
87 2 101
87 1 100
88 0 103
88 2 102
88 1 101
89 0 104
89 2 103
89 1 102
90 0 105
90 2 104
90 1 103
91 0 106
91 2 105
91 1 104
92 0 107
92 2 106
92 1 105
93 0 108
93 2 107
93 1 106
94 0 109
94 2 108
94 1 107
95 0 110
95 2 109
95 1 108
96 0 111
96 2 110
96 1 109
97 2 111
97 1 110
98 0 113
98 2 112
99 0 114
99 2 113
99 1 112
100 0 115
100 2 114
100 1 113
101 0 116
101 2 115
101 1 114
102 0 117
102 2 116
102 1 115
103 0 118
103 2 117
103 1 116
104 0 119
104 2 118
104 1 117
105 0 120
105 2 119
105 1 118
106 0 121
106 2 120
106 1 119
107 0 122
107 2 121
107 1 120
108 0 123
108 2 122
108 1 121
109 0 124
109 2 123
109 1 122
110 0 125
110 2 124
110 1 123
111 2 125
111 1 124
112 0 127
112 2 126
113 0 128
113 2 127
113 1 126
114 0 129
114 2 128
114 1 127
115 0 130
115 2 129
115 1 128
116 0 131
116 2 130
116 1 129
117 0 132
117 2 131
117 1 130
118 0 133
118 2 132
118 1 131
119 0 134
119 2 133
119 1 132
120 0 135
120 2 134
120 1 133
121 0 136
121 2 135
121 1 134
122 0 137
122 2 136
122 1 135
123 0 138
123 2 137
123 1 136
124 0 139
124 2 138
124 1 137
125 2 139
125 1 138
126 0 141
126 2 140
127 0 142
127 2 141
127 1 140
128 0 143
128 2 142
128 1 141
129 0 144
129 2 143
129 1 142
130 0 145
130 2 144
130 1 143
131 0 146
131 2 145
131 1 144
132 0 147
132 2 146
132 1 145
133 0 148
133 2 147
133 1 146
134 0 149
134 2 148
134 1 147
135 0 150
135 2 149
135 1 148
136 0 151
136 2 150
136 1 149
137 0 152
137 2 151
137 1 150
138 0 153
138 2 152
138 1 151
139 2 153
139 1 152
140 0 155
140 2 154
141 0 156
141 2 155
141 1 154
142 0 157
142 2 156
142 1 155
143 0 158
143 2 157
143 1 156
144 0 159
144 2 158
144 1 157
145 0 160
145 2 159
145 1 158
146 0 161
146 2 160
146 1 159
147 0 162
147 2 161
147 1 160
148 0 163
148 2 162
148 1 161
149 0 164
149 2 163
149 1 162
150 0 165
150 2 164
150 1 163
151 0 166
151 2 165
151 1 164
152 0 167
152 2 166
152 1 165
153 2 167
153 1 166
154 0 1
154 2 0
155 0 2
155 2 1
155 1 0
156 0 3
156 2 2
156 1 1
157 0 4
157 2 3
157 1 2
158 0 5
158 2 4
158 1 3
159 0 6
159 2 5
159 1 4
160 0 7
160 2 6
160 1 5
161 0 8
161 2 7
161 1 6
162 0 9
162 2 8
162 1 7
163 0 10
163 2 9
163 1 8
164 0 11
164 2 10
164 1 9
165 0 12
165 2 11
165 1 10
166 0 13
166 2 12
166 1 11
167 2 13
167 1 12
123
0
1
3
4
5
7
9
10
11
12
14
15
16
17
18
19
20
21
23
24
27
28
29
30
31
32
34
35
37
38
39
40
41
42
43
44
46
47
49
50
52
53
55
56
57
58
60
61
63
64
65
66
67
70
71
72
74
75
76
77
78
81
82
83
84
85
88
89
90
91
92
93
94
95
96
98
99
100
103
104
105
107
108
109
110
112
113
114
116
117
119
120
122
126
127
129
131
132
135
137
139
140
141
142
143
144
145
146
147
149
152
153
154
155
157
158
159
160
161
163
164
165
167