60
5
0.02 0.397055 0.759454
0.45219500000000007 0.430494 0.117311
0.228356 0.500204 0.27144
0.095301 0.551013 0.35368600000000006
2
0
0
2
0
1
1
2
0
2
2
0
2
0
1
1
1
0
1
2
0
2
1
0
1
0
2
1
2
0
2
2
0
1
1
1
0
1
0
2
1
1
1
0
1
2
1
0
0
1
1
1
2
0
1
2
1
0
0
2
168
0 0 11
0 2 10
1 0 12
1 2 11
1 1 10
2 0 13
2 2 12
2 1 11
3 0 14
3 2 13
3 1 12
4 0 15
4 2 14
4 1 13
5 0 16
5 2 15
5 1 14
6 0 17
6 2 16
6 1 15
7 0 18
7 2 17
7 1 16
8 0 19
8 2 18
8 1 17
9 2 19
9 1 18
10 0 21
10 2 20
11 0 22
11 2 21
11 1 20
12 0 23
12 2 22
12 1 21
13 0 24
13 2 23
13 1 22
14 0 25
14 2 24
14 1 23
15 0 26
15 2 25
15 1 24
16 0 27
16 2 26
16 1 25
17 0 28
17 2 27
17 1 26
18 0 29
18 2 28
18 1 27
19 2 29
19 1 28
20 0 31
20 2 30
21 0 32
21 2 31
21 1 30
22 0 33
22 2 32
22 1 31
23 0 34
23 2 33
23 1 32
24 0 35
24 2 34
24 1 33
25 0 36
25 2 35
25 1 34
26 0 37
26 2 36
26 1 35
27 0 38
27 2 37
27 1 36
28 0 39
28 2 38
28 1 37
29 2 39
29 1 38
30 0 41
30 2 40
31 0 42
31 2 41
31 1 40
32 0 43
32 2 42
32 1 41
33 0 44
33 2 43
33 1 42
34 0 45
34 2 44
34 1 43
35 0 46
35 2 45
35 1 44
36 0 47
36 2 46
36 1 45
37 0 48
37 2 47
37 1 46
38 0 49
38 2 48
38 1 47
39 2 49
39 1 48
40 0 51
40 2 50
41 0 52
41 2 51
41 1 50
42 0 53
42 2 52
42 1 51
43 0 54
43 2 53
43 1 52
44 0 55
44 2 54
44 1 53
45 0 56
45 2 55
45 1 54
46 0 57
46 2 56
46 1 55
47 0 58
47 2 57
47 1 56
48 0 59
48 2 58
48 1 57
49 2 59
49 1 58
50 0 1
50 2 0
51 0 2
51 2 1
51 1 0
52 0 3
52 2 2
52 1 1
53 0 4
53 2 3
53 1 2
54 0 5
54 2 4
54 1 3
55 0 6
55 2 5
55 1 4
56 0 7
56 2 6
56 1 5
57 0 8
57 2 7
57 1 6
58 0 9
58 2 8
58 1 7
59 2 9
59 1 8
13
0
9
12
15
23
25
32
33
35
43
48
55
59