192
8
0.117466 0.652072 0.857302
0.413848 0.400115 0.186037
0.375462 0.24181900000000006 0.382719
0.244065 0.41794 0.33799500000000005
2
0
2
2
1
2
2
1
1
1
1
1
1
1
1
2
1
1
0
1
2
1
1
1
1
2
1
2
1
1
1
1
1
2
1
1
2
2
1
1
2
1
1
1
0
1
2
1
1
1
1
1
1
2
1
0
2
2
1
1
0
2
2
1
2
0
0
1
1
1
0
0
1
0
1
2
1
1
1
2
1
2
0
0
2
1
1
2
1
1
1
0
1
2
1
1
0
1
2
1
2
1
2
2
2
2
2
0
1
0
1
1
2
2
2
2
2
1
1
1
1
2
1
1
1
1
1
1
2
1
1
1
2
2
2
1
1
2
2
1
1
1
1
1
1
2
1
1
1
2
1
2
1
1
1
2
1
2
1
2
2
1
2
2
1
2
1
2
0
0
1
2
0
2
0
0
2
0
2
2
0
2
0
0
1
2
2
0
2
2
2
0
552
0 0 17
0 2 16
1 0 18
1 2 17
1 1 16
2 0 19
2 2 18
2 1 17
3 0 20
3 2 19
3 1 18
4 0 21
4 2 20
4 1 19
5 0 22
5 2 21
5 1 20
6 0 23
6 2 22
6 1 21
7 0 24
7 2 23
7 1 22
8 0 25
8 2 24
8 1 23
9 0 26
9 2 25
9 1 24
10 0 27
10 2 26
10 1 25
11 0 28
11 2 27
11 1 26
12 0 29
12 2 28
12 1 27
13 0 30
13 2 29
13 1 28
14 0 31
14 2 30
14 1 29
15 2 31
15 1 30
16 0 33
16 2 32
17 0 34
17 2 33
17 1 32
18 0 35
18 2 34
18 1 33
19 0 36
19 2 35
19 1 34
20 0 37
20 2 36
20 1 35
21 0 38
21 2 37
21 1 36
22 0 39
22 2 38
22 1 37
23 0 40
23 2 39
23 1 38
24 0 41
24 2 40
24 1 39
25 0 42
25 2 41
25 1 40
26 0 43
26 2 42
26 1 41
27 0 44
27 2 43
27 1 42
28 0 45
28 2 44
28 1 43
29 0 46
29 2 45
29 1 44
30 0 47
30 2 46
30 1 45
31 2 47
31 1 46
32 0 49
32 2 48
33 0 50
33 2 49
33 1 48
34 0 51
34 2 50
34 1 49
35 0 52
35 2 51
35 1 50
36 0 53
36 2 52
36 1 51
37 0 54
37 2 53
37 1 52
38 0 55
38 2 54
38 1 53
39 0 56
39 2 55
39 1 54
40 0 57
40 2 56
40 1 55
41 0 58
41 2 57
41 1 56
42 0 59
42 2 58
42 1 57
43 0 60
43 2 59
43 1 58
44 0 61
44 2 60
44 1 59
45 0 62
45 2 61
45 1 60
46 0 63
46 2 62
46 1 61
47 2 63
47 1 62
48 0 65
48 2 64
49 0 66
49 2 65
49 1 64
50 0 67
50 2 66
50 1 65
51 0 68
51 2 67
51 1 66
52 0 69
52 2 68
52 1 67
53 0 70
53 2 69
53 1 68
54 0 71
54 2 70
54 1 69
55 0 72
55 2 71
55 1 70
56 0 73
56 2 72
56 1 71
57 0 74
57 2 73
57 1 72
58 0 75
58 2 74
58 1 73
59 0 76
59 2 75
59 1 74
60 0 77
60 2 76
60 1 75
61 0 78
61 2 77
61 1 76
62 0 79
62 2 78
62 1 77
63 2 79
63 1 78
64 0 81
64 2 80
65 0 82
65 2 81
65 1 80
66 0 83
66 2 82
66 1 81
67 0 84
67 2 83
67 1 82
68 0 85
68 2 84
68 1 83
69 0 86
69 2 85
69 1 84
70 0 87
70 2 86
70 1 85
71 0 88
71 2 87
71 1 86
72 0 89
72 2 88
72 1 87
73 0 90
73 2 89
73 1 88
74 0 91
74 2 90
74 1 89
75 0 92
75 2 91
75 1 90
76 0 93
76 2 92
76 1 91
77 0 94
77 2 93
77 1 92
78 0 95
78 2 94
78 1 93
79 2 95
79 1 94
80 0 97
80 2 96
81 0 98
81 2 97
81 1 96
82 0 99
82 2 98
82 1 97
83 0 100
83 2 99
83 1 98
84 0 101
84 2 100
84 1 99
85 0 102
85 2 101
85 1 100
86 0 103
86 2 102
86 1 101
87 0 104
87 2 103
87 1 102
88 0 105
88 2 104
88 1 103
89 0 106
89 2 105
89 1 104
90 0 107
90 2 106
90 1 105
91 0 108
91 2 107
91 1 106
92 0 109
92 2 108
92 1 107
93 0 110
93 2 109
93 1 108
94 0 111
94 2 110
94 1 109
95 2 111
95 1 110
96 0 113
96 2 112
97 0 114
97 2 113
97 1 112
98 0 115
98 2 114
98 1 113
99 0 116
99 2 115
99 1 114
100 0 117
100 2 116
100 1 115
101 0 118
101 2 117
101 1 116
102 0 119
102 2 118
102 1 117
103 0 120
103 2 119
103 1 118
104 0 121
104 2 120
104 1 119
105 0 122
105 2 121
105 1 120
106 0 123
106 2 122
106 1 121
107 0 124
107 2 123
107 1 122
108 0 125
108 2 124
108 1 123
109 0 126
109 2 125
109 1 124
110 0 127
110 2 126
110 1 125
111 2 127
111 1 126
112 0 129
112 2 128
113 0 130
113 2 129
113 1 128
114 0 131
114 2 130
114 1 129
115 0 132
115 2 131
115 1 130
116 0 133
116 2 132
116 1 131
117 0 134
117 2 133
117 1 132
118 0 135
118 2 134
118 1 133
119 0 136
119 2 135
119 1 134
120 0 137
120 2 136
120 1 135
121 0 138
121 2 137
121 1 136
122 0 139
122 2 138
122 1 137
123 0 140
123 2 139
123 1 138
124 0 141
124 2 140
124 1 139
125 0 142
125 2 141
125 1 140
126 0 143
126 2 142
126 1 141
127 2 143
127 1 142
128 0 145
128 2 144
129 0 146
129 2 145
129 1 144
130 0 147
130 2 146
130 1 145
131 0 148
131 2 147
131 1 146
132 0 149
132 2 148
132 1 147
133 0 150
133 2 149
133 1 148
134 0 151
134 2 150
134 1 149
135 0 152
135 2 151
135 1 150
136 0 153
136 2 152
136 1 151
137 0 154
137 2 153
137 1 152
138 0 155
138 2 154
138 1 153
139 0 156
139 2 155
139 1 154
140 0 157
140 2 156
140 1 155
141 0 158
141 2 157
141 1 156
142 0 159
142 2 158
142 1 157
143 2 159
143 1 158
144 0 161
144 2 160
145 0 162
145 2 161
145 1 160
146 0 163
146 2 162
146 1 161
147 0 164
147 2 163
147 1 162
148 0 165
148 2 164
148 1 163
149 0 166
149 2 165
149 1 164
150 0 167
150 2 166
150 1 165
151 0 168
151 2 167
151 1 166
152 0 169
152 2 168
152 1 167
153 0 170
153 2 169
153 1 168
154 0 171
154 2 170
154 1 169
155 0 172
155 2 171
155 1 170
156 0 173
156 2 172
156 1 171
157 0 174
157 2 173
157 1 172
158 0 175
158 2 174
158 1 173
159 2 175
159 1 174
160 0 177
160 2 176
161 0 178
161 2 177
161 1 176
162 0 179
162 2 178
162 1 177
163 0 180
163 2 179
163 1 178
164 0 181
164 2 180
164 1 179
165 0 182
165 2 181
165 1 180
166 0 183
166 2 182
166 1 181
167 0 184
167 2 183
167 1 182
168 0 185
168 2 184
168 1 183
169 0 186
169 2 185
169 1 184
170 0 187
170 2 186
170 1 185
171 0 188
171 2 187
171 1 186
172 0 189
172 2 188
172 1 187
173 0 190
173 2 189
173 1 188
174 0 191
174 2 190
174 1 189
175 2 191
175 1 190
176 0 1
176 2 0
177 0 2
177 2 1
177 1 0
178 0 3
178 2 2
178 1 1
179 0 4
179 2 3
179 1 2
180 0 5
180 2 4
180 1 3
181 0 6
181 2 5
181 1 4
182 0 7
182 2 6
182 1 5
183 0 8
183 2 7
183 1 6
184 0 9
184 2 8
184 1 7
185 0 10
185 2 9
185 1 8
186 0 11
186 2 10
186 1 9
187 0 12
187 2 11
187 1 10
188 0 13
188 2 12
188 1 11
189 0 14
189 2 13
189 1 12
190 0 15
190 2 14
190 1 13
191 2 15
191 1 14
59
0
1
5
6
10
11
12
13
14
20
21
23
27
30
35
43
44
46
47
48
52
53
54
60
66
71
80
82
83
90
92
94
100
104
108
112
113
117
123
125
129
136
146
151
152
154
158
159
162
164
166
167
168
173
183
185
186
189
191