252
9
0.02 0.428779 0.856279
0.49594499999999997 0.279954 0.224101
0.527594 0.06349699999999997 0.408909
0.309718 0.437899 0.2523830000000001
0
2
0
1
1
1
0
2
2
2
2
1
1
0
1
0
1
2
0
0
2
0
2
1
2
2
2
0
0
0
0
1
2
1
0
2
0
1
1
1
2
0
2
2
2
0
0
0
2
1
2
0
0
0
0
0
0
1
2
1
1
0
1
0
0
0
0
0
0
0
2
0
1
0
0
0
0
2
2
1
2
0
2
1
0
1
0
2
2
2
0
2
1
1
1
1
2
0
2
1
1
2
1
2
1
0
2
2
0
1
0
2
1
0
0
0
1
0
0
1
1
0
1
1
1
1
0
0
0
1
2
0
0
1
2
0
0
2
1
1
1
0
2
1
1
0
1
2
1
1
0
0
0
0
1
0
0
0
0
2
2
0
1
1
1
2
0
0
2
1
2
2
2
1
2
1
2
0
0
1
2
2
0
0
0
1
0
0
1
1
2
0
0
0
2
1
1
2
1
2
0
2
1
2
1
0
0
1
0
1
0
0
1
0
2
2
0
0
1
0
0
2
2
1
2
2
0
1
1
0
0
1
1
0
0
0
2
0
0
1
0
0
1
2
1
0
0
1
0
2
1
0
728
0 0 19
0 2 18
1 0 20
1 2 19
1 1 18
2 0 21
2 2 20
2 1 19
3 0 22
3 2 21
3 1 20
4 0 23
4 2 22
4 1 21
5 0 24
5 2 23
5 1 22
6 0 25
6 2 24
6 1 23
7 0 26
7 2 25
7 1 24
8 0 27
8 2 26
8 1 25
9 0 28
9 2 27
9 1 26
10 0 29
10 2 28
10 1 27
11 0 30
11 2 29
11 1 28
12 0 31
12 2 30
12 1 29
13 0 32
13 2 31
13 1 30
14 0 33
14 2 32
14 1 31
15 0 34
15 2 33
15 1 32
16 0 35
16 2 34
16 1 33
17 2 35
17 1 34
18 0 37
18 2 36
19 0 38
19 2 37
19 1 36
20 0 39
20 2 38
20 1 37
21 0 40
21 2 39
21 1 38
22 0 41
22 2 40
22 1 39
23 0 42
23 2 41
23 1 40
24 0 43
24 2 42
24 1 41
25 0 44
25 2 43
25 1 42
26 0 45
26 2 44
26 1 43
27 0 46
27 2 45
27 1 44
28 0 47
28 2 46
28 1 45
29 0 48
29 2 47
29 1 46
30 0 49
30 2 48
30 1 47
31 0 50
31 2 49
31 1 48
32 0 51
32 2 50
32 1 49
33 0 52
33 2 51
33 1 50
34 0 53
34 2 52
34 1 51
35 2 53
35 1 52
36 0 55
36 2 54
37 0 56
37 2 55
37 1 54
38 0 57
38 2 56
38 1 55
39 0 58
39 2 57
39 1 56
40 0 59
40 2 58
40 1 57
41 0 60
41 2 59
41 1 58
42 0 61
42 2 60
42 1 59
43 0 62
43 2 61
43 1 60
44 0 63
44 2 62
44 1 61
45 0 64
45 2 63
45 1 62
46 0 65
46 2 64
46 1 63
47 0 66
47 2 65
47 1 64
48 0 67
48 2 66
48 1 65
49 0 68
49 2 67
49 1 66
50 0 69
50 2 68
50 1 67
51 0 70
51 2 69
51 1 68
52 0 71
52 2 70
52 1 69
53 2 71
53 1 70
54 0 73
54 2 72
55 0 74
55 2 73
55 1 72
56 0 75
56 2 74
56 1 73
57 0 76
57 2 75
57 1 74
58 0 77
58 2 76
58 1 75
59 0 78
59 2 77
59 1 76
60 0 79
60 2 78
60 1 77
61 0 80
61 2 79
61 1 78
62 0 81
62 2 80
62 1 79
63 0 82
63 2 81
63 1 80
64 0 83
64 2 82
64 1 81
65 0 84
65 2 83
65 1 82
66 0 85
66 2 84
66 1 83
67 0 86
67 2 85
67 1 84
68 0 87
68 2 86
68 1 85
69 0 88
69 2 87
69 1 86
70 0 89
70 2 88
70 1 87
71 2 89
71 1 88
72 0 91
72 2 90
73 0 92
73 2 91
73 1 90
74 0 93
74 2 92
74 1 91
75 0 94
75 2 93
75 1 92
76 0 95
76 2 94
76 1 93
77 0 96
77 2 95
77 1 94
78 0 97
78 2 96
78 1 95
79 0 98
79 2 97
79 1 96
80 0 99
80 2 98
80 1 97
81 0 100
81 2 99
81 1 98
82 0 101
82 2 100
82 1 99
83 0 102
83 2 101
83 1 100
84 0 103
84 2 102
84 1 101
85 0 104
85 2 103
85 1 102
86 0 105
86 2 104
86 1 103
87 0 106
87 2 105
87 1 104
88 0 107
88 2 106
88 1 105
89 2 107
89 1 106
90 0 109
90 2 108
91 0 110
91 2 109
91 1 108
92 0 111
92 2 110
92 1 109
93 0 112
93 2 111
93 1 110
94 0 113
94 2 112
94 1 111
95 0 114
95 2 113
95 1 112
96 0 115
96 2 114
96 1 113
97 0 116
97 2 115
97 1 114
98 0 117
98 2 116
98 1 115
99 0 118
99 2 117
99 1 116
100 0 119
100 2 118
100 1 117
101 0 120
101 2 119
101 1 118
102 0 121
102 2 120
102 1 119
103 0 122
103 2 121
103 1 120
104 0 123
104 2 122
104 1 121
105 0 124
105 2 123
105 1 122
106 0 125
106 2 124
106 1 123
107 2 125
107 1 124
108 0 127
108 2 126
109 0 128
109 2 127
109 1 126
110 0 129
110 2 128
110 1 127
111 0 130
111 2 129
111 1 128
112 0 131
112 2 130
112 1 129
113 0 132
113 2 131
113 1 130
114 0 133
114 2 132
114 1 131
115 0 134
115 2 133
115 1 132
116 0 135
116 2 134
116 1 133
117 0 136
117 2 135
117 1 134
118 0 137
118 2 136
118 1 135
119 0 138
119 2 137
119 1 136
120 0 139
120 2 138
120 1 137
121 0 140
121 2 139
121 1 138
122 0 141
122 2 140
122 1 139
123 0 142
123 2 141
123 1 140
124 0 143
124 2 142
124 1 141
125 2 143
125 1 142
126 0 145
126 2 144
127 0 146
127 2 145
127 1 144
128 0 147
128 2 146
128 1 145
129 0 148
129 2 147
129 1 146
130 0 149
130 2 148
130 1 147
131 0 150
131 2 149
131 1 148
132 0 151
132 2 150
132 1 149
133 0 152
133 2 151
133 1 150
134 0 153
134 2 152
134 1 151
135 0 154
135 2 153
135 1 152
136 0 155
136 2 154
136 1 153
137 0 156
137 2 155
137 1 154
138 0 157
138 2 156
138 1 155
139 0 158
139 2 157
139 1 156
140 0 159
140 2 158
140 1 157
141 0 160
141 2 159
141 1 158
142 0 161
142 2 160
142 1 159
143 2 161
143 1 160
144 0 163
144 2 162
145 0 164
145 2 163
145 1 162
146 0 165
146 2 164
146 1 163
147 0 166
147 2 165
147 1 164
148 0 167
148 2 166
148 1 165
149 0 168
149 2 167
149 1 166
150 0 169
150 2 168
150 1 167
151 0 170
151 2 169
151 1 168
152 0 171
152 2 170
152 1 169
153 0 172
153 2 171
153 1 170
154 0 173
154 2 172
154 1 171
155 0 174
155 2 173
155 1 172
156 0 175
156 2 174
156 1 173
157 0 176
157 2 175
157 1 174
158 0 177
158 2 176
158 1 175
159 0 178
159 2 177
159 1 176
160 0 179
160 2 178
160 1 177
161 2 179
161 1 178
162 0 181
162 2 180
163 0 182
163 2 181
163 1 180
164 0 183
164 2 182
164 1 181
165 0 184
165 2 183
165 1 182
166 0 185
166 2 184
166 1 183
167 0 186
167 2 185
167 1 184
168 0 187
168 2 186
168 1 185
169 0 188
169 2 187
169 1 186
170 0 189
170 2 188
170 1 187
171 0 190
171 2 189
171 1 188
172 0 191
172 2 190
172 1 189
173 0 192
173 2 191
173 1 190
174 0 193
174 2 192
174 1 191
175 0 194
175 2 193
175 1 192
176 0 195
176 2 194
176 1 193
177 0 196
177 2 195
177 1 194
178 0 197
178 2 196
178 1 195
179 2 197
179 1 196
180 0 199
180 2 198
181 0 200
181 2 199
181 1 198
182 0 201
182 2 200
182 1 199
183 0 202
183 2 201
183 1 200
184 0 203
184 2 202
184 1 201
185 0 204
185 2 203
185 1 202
186 0 205
186 2 204
186 1 203
187 0 206
187 2 205
187 1 204
188 0 207
188 2 206
188 1 205
189 0 208
189 2 207
189 1 206
190 0 209
190 2 208
190 1 207
191 0 210
191 2 209
191 1 208
192 0 211
192 2 210
192 1 209
193 0 212
193 2 211
193 1 210
194 0 213
194 2 212
194 1 211
195 0 214
195 2 213
195 1 212
196 0 215
196 2 214
196 1 213
197 2 215
197 1 214
198 0 217
198 2 216
199 0 218
199 2 217
199 1 216
200 0 219
200 2 218
200 1 217
201 0 220
201 2 219
201 1 218
202 0 221
202 2 220
202 1 219
203 0 222
203 2 221
203 1 220
204 0 223
204 2 222
204 1 221
205 0 224
205 2 223
205 1 222
206 0 225
206 2 224
206 1 223
207 0 226
207 2 225
207 1 224
208 0 227
208 2 226
208 1 225
209 0 228
209 2 227
209 1 226
210 0 229
210 2 228
210 1 227
211 0 230
211 2 229
211 1 228
212 0 231
212 2 230
212 1 229
213 0 232
213 2 231
213 1 230
214 0 233
214 2 232
214 1 231
215 2 233
215 1 232
216 0 235
216 2 234
217 0 236
217 2 235
217 1 234
218 0 237
218 2 236
218 1 235
219 0 238
219 2 237
219 1 236
220 0 239
220 2 238
220 1 237
221 0 240
221 2 239
221 1 238
222 0 241
222 2 240
222 1 239
223 0 242
223 2 241
223 1 240
224 0 243
224 2 242
224 1 241
225 0 244
225 2 243
225 1 242
226 0 245
226 2 244
226 1 243
227 0 246
227 2 245
227 1 244
228 0 247
228 2 246
228 1 245
229 0 248
229 2 247
229 1 246
230 0 249
230 2 248
230 1 247
231 0 250
231 2 249
231 1 248
232 0 251
232 2 250
232 1 249
233 2 251
233 1 250
234 0 1
234 2 0
235 0 2
235 2 1
235 1 0
236 0 3
236 2 2
236 1 1
237 0 4
237 2 3
237 1 2
238 0 5
238 2 4
238 1 3
239 0 6
239 2 5
239 1 4
240 0 7
240 2 6
240 1 5
241 0 8
241 2 7
241 1 6
242 0 9
242 2 8
242 1 7
243 0 10
243 2 9
243 1 8
244 0 11
244 2 10
244 1 9
245 0 12
245 2 11
245 1 10
246 0 13
246 2 12
246 1 11
247 0 14
247 2 13
247 1 12
248 0 15
248 2 14
248 1 13
249 0 16
249 2 15
249 1 14
250 0 17
250 2 16
250 1 15
251 2 17
251 1 16
135
0
1
2
4
7
8
11
12
14
15
17
18
19
21
24
26
27
28
29
30
31
32
38
42
43
47
49
51
53
55
56
58
62
64
67
68
69
72
73
74
75
76
77
78
79
80
81
85
87
89
90
92
93
94
96
99
100
101
102
104
106
107
109
112
115
116
117
119
120
122
123
126
128
131
133
136
144
148
149
150
151
152
153
154
157
158
160
163
167
170
171
172
173
175
178
180
181
182
183
184
188
190
191
192
193
194
200
206
208
209
214
216
217
218
220
221
223
224
225
226
227
229
230
231
233
236
237
239
240
242
243
244
248
249
251