30
3
0.02 0.1 1.0
0.9299999999999999 0.05 0.02
0.084754 0.865125 0.050121
0.034992 0.071235 0.8937729999999999
0
1
0
1
0
1
1
0
1
1
1
0
0
0
0
0
1
0
0
0
0
1
1
1
0
1
1
1
1
0
80
0 0 7
0 2 6
1 0 8
1 2 7
1 1 6
2 0 9
2 2 8
2 1 7
3 0 10
3 2 9
3 1 8
4 0 11
4 2 10
4 1 9
5 2 11
5 1 10
6 0 13
6 2 12
7 0 14
7 2 13
7 1 12
8 0 15
8 2 14
8 1 13
9 0 16
9 2 15
9 1 14
10 0 17
10 2 16
10 1 15
11 2 17
11 1 16
12 0 19
12 2 18
13 0 20
13 2 19
13 1 18
14 0 21
14 2 20
14 1 19
15 0 22
15 2 21
15 1 20
16 0 23
16 2 22
16 1 21
17 2 23
17 1 22
18 0 25
18 2 24
19 0 26
19 2 25
19 1 24
20 0 27
20 2 26
20 1 25
21 0 28
21 2 27
21 1 26
22 0 29
22 2 28
22 1 27
23 2 29
23 1 28
24 0 1
24 2 0
25 0 2
25 2 1
25 1 0
26 0 3
26 2 2
26 1 1
27 0 4
27 2 3
27 1 2
28 0 5
28 2 4
28 1 3
29 2 5
29 1 4
23
0
1
2
3
5
6
7
8
9
11
12
14
15
17
18
19
20
21
22
23
24
25
27