48
4
0.065677 0.289309 1.0
0.899334 0.068179 0.032487
0.10052 0.84948 0.05
0.040557 0.05 0.909443
0
1
1
1
0
0
1
1
0
1
1
1
0
1
1
1
1
0
1
1
1
0
1
0
0
0
1
1
0
0
0
0
0
1
0
1
0
1
0
0
0
0
1
1
1
1
1
1
132
0 0 9
0 2 8
1 0 10
1 2 9
1 1 8
2 0 11
2 2 10
2 1 9
3 0 12
3 2 11
3 1 10
4 0 13
4 2 12
4 1 11
5 0 14
5 2 13
5 1 12
6 0 15
6 2 14
6 1 13
7 2 15
7 1 14
8 0 17
8 2 16
9 0 18
9 2 17
9 1 16
10 0 19
10 2 18
10 1 17
11 0 20
11 2 19
11 1 18
12 0 21
12 2 20
12 1 19
13 0 22
13 2 21
13 1 20
14 0 23
14 2 22
14 1 21
15 2 23
15 1 22
16 0 25
16 2 24
17 0 26
17 2 25
17 1 24
18 0 27
18 2 26
18 1 25
19 0 28
19 2 27
19 1 26
20 0 29
20 2 28
20 1 27
21 0 30
21 2 29
21 1 28
22 0 31
22 2 30
22 1 29
23 2 31
23 1 30
24 0 33
24 2 32
25 0 34
25 2 33
25 1 32
26 0 35
26 2 34
26 1 33
27 0 36
27 2 35
27 1 34
28 0 37
28 2 36
28 1 35
29 0 38
29 2 37
29 1 36
30 0 39
30 2 38
30 1 37
31 2 39
31 1 38
32 0 41
32 2 40
33 0 42
33 2 41
33 1 40
34 0 43
34 2 42
34 1 41
35 0 44
35 2 43
35 1 42
36 0 45
36 2 44
36 1 43
37 0 46
37 2 45
37 1 44
38 0 47
38 2 46
38 1 45
39 2 47
39 1 46
40 0 1
40 2 0
41 0 2
41 2 1
41 1 0
42 0 3
42 2 2
42 1 1
43 0 4
43 2 3
43 1 2
44 0 5
44 2 4
44 1 3
45 0 6
45 2 5
45 1 4
46 0 7
46 2 6
46 1 5
47 2 7
47 1 6
23
2
4
6
11
13
14
17
18
19
20
24
25
26
29
33
35
37
38
40
42
43
44
47