120
6
0.02 0.268077 1.0
0.886578 0.063422 0.05
0.24506 0.6644199999999999 0.09052
0.02 0.224869 0.755131
1
1
1
1
0
1
0
0
0
1
0
0
0
1
0
0
1
1
0
1
1
0
0
1
1
0
0
1
0
0
0
0
0
1
0
1
1
0
0
1
1
0
1
0
0
0
0
1
1
1
1
1
0
0
1
0
1
1
0
1
0
1
1
0
0
0
1
0
1
1
0
1
0
0
0
1
1
0
0
1
1
1
1
0
0
0
1
0
1
1
0
0
1
0
1
0
0
0
0
1
0
0
0
1
1
1
0
0
1
1
0
1
0
1
0
0
0
1
0
1
340
0 0 13
0 2 12
1 0 14
1 2 13
1 1 12
2 0 15
2 2 14
2 1 13
3 0 16
3 2 15
3 1 14
4 0 17
4 2 16
4 1 15
5 0 18
5 2 17
5 1 16
6 0 19
6 2 18
6 1 17
7 0 20
7 2 19
7 1 18
8 0 21
8 2 20
8 1 19
9 0 22
9 2 21
9 1 20
10 0 23
10 2 22
10 1 21
11 2 23
11 1 22
12 0 25
12 2 24
13 0 26
13 2 25
13 1 24
14 0 27
14 2 26
14 1 25
15 0 28
15 2 27
15 1 26
16 0 29
16 2 28
16 1 27
17 0 30
17 2 29
17 1 28
18 0 31
18 2 30
18 1 29
19 0 32
19 2 31
19 1 30
20 0 33
20 2 32
20 1 31
21 0 34
21 2 33
21 1 32
22 0 35
22 2 34
22 1 33
23 2 35
23 1 34
24 0 37
24 2 36
25 0 38
25 2 37
25 1 36
26 0 39
26 2 38
26 1 37
27 0 40
27 2 39
27 1 38
28 0 41
28 2 40
28 1 39
29 0 42
29 2 41
29 1 40
30 0 43
30 2 42
30 1 41
31 0 44
31 2 43
31 1 42
32 0 45
32 2 44
32 1 43
33 0 46
33 2 45
33 1 44
34 0 47
34 2 46
34 1 45
35 2 47
35 1 46
36 0 49
36 2 48
37 0 50
37 2 49
37 1 48
38 0 51
38 2 50
38 1 49
39 0 52
39 2 51
39 1 50
40 0 53
40 2 52
40 1 51
41 0 54
41 2 53
41 1 52
42 0 55
42 2 54
42 1 53
43 0 56
43 2 55
43 1 54
44 0 57
44 2 56
44 1 55
45 0 58
45 2 57
45 1 56
46 0 59
46 2 58
46 1 57
47 2 59
47 1 58
48 0 61
48 2 60
49 0 62
49 2 61
49 1 60
50 0 63
50 2 62
50 1 61
51 0 64
51 2 63
51 1 62
52 0 65
52 2 64
52 1 63
53 0 66
53 2 65
53 1 64
54 0 67
54 2 66
54 1 65
55 0 68
55 2 67
55 1 66
56 0 69
56 2 68
56 1 67
57 0 70
57 2 69
57 1 68
58 0 71
58 2 70
58 1 69
59 2 71
59 1 70
60 0 73
60 2 72
61 0 74
61 2 73
61 1 72
62 0 75
62 2 74
62 1 73
63 0 76
63 2 75
63 1 74
64 0 77
64 2 76
64 1 75
65 0 78
65 2 77
65 1 76
66 0 79
66 2 78
66 1 77
67 0 80
67 2 79
67 1 78
68 0 81
68 2 80
68 1 79
69 0 82
69 2 81
69 1 80
70 0 83
70 2 82
70 1 81
71 2 83
71 1 82
72 0 85
72 2 84
73 0 86
73 2 85
73 1 84
74 0 87
74 2 86
74 1 85
75 0 88
75 2 87
75 1 86
76 0 89
76 2 88
76 1 87
77 0 90
77 2 89
77 1 88
78 0 91
78 2 90
78 1 89
79 0 92
79 2 91
79 1 90
80 0 93
80 2 92
80 1 91
81 0 94
81 2 93
81 1 92
82 0 95
82 2 94
82 1 93
83 2 95
83 1 94
84 0 97
84 2 96
85 0 98
85 2 97
85 1 96
86 0 99
86 2 98
86 1 97
87 0 100
87 2 99
87 1 98
88 0 101
88 2 100
88 1 99
89 0 102
89 2 101
89 1 100
90 0 103
90 2 102
90 1 101
91 0 104
91 2 103
91 1 102
92 0 105
92 2 104
92 1 103
93 0 106
93 2 105
93 1 104
94 0 107
94 2 106
94 1 105
95 2 107
95 1 106
96 0 109
96 2 108
97 0 110
97 2 109
97 1 108
98 0 111
98 2 110
98 1 109
99 0 112
99 2 111
99 1 110
100 0 113
100 2 112
100 1 111
101 0 114
101 2 113
101 1 112
102 0 115
102 2 114
102 1 113
103 0 116
103 2 115
103 1 114
104 0 117
104 2 116
104 1 115
105 0 118
105 2 117
105 1 116
106 0 119
106 2 118
106 1 117
107 2 119
107 1 118
108 0 1
108 2 0
109 0 2
109 2 1
109 1 0
110 0 3
110 2 2
110 1 1
111 0 4
111 2 3
111 1 2
112 0 5
112 2 4
112 1 3
113 0 6
113 2 5
113 1 4
114 0 7
114 2 6
114 1 5
115 0 8
115 2 7
115 1 6
116 0 9
116 2 8
116 1 7
117 0 10
117 2 9
117 1 8
118 0 11
118 2 10
118 1 9
119 2 11
119 1 10
16
4
8
18
30
51
52
55
56
63
67
71
81
82
101
104
117