24
3
0.02 0.1 0.706036
0.5541990000000001 0.325578 0.120223
0.280673 0.41861600000000004 0.300711
0.02 0.36006 0.6199399999999999
0
1
0
0
1
0
1
0
0
1
1
1
1
2
0
0
1
2
1
1
0
1
1
1
64
0 0 7
0 2 6
1 0 8
1 2 7
1 1 6
2 0 9
2 2 8
2 1 7
3 0 10
3 2 9
3 1 8
4 0 11
4 2 10
4 1 9
5 2 11
5 1 10
6 0 13
6 2 12
7 0 14
7 2 13
7 1 12
8 0 15
8 2 14
8 1 13
9 0 16
9 2 15
9 1 14
10 0 17
10 2 16
10 1 15
11 2 17
11 1 16
12 0 19
12 2 18
13 0 20
13 2 19
13 1 18
14 0 21
14 2 20
14 1 19
15 0 22
15 2 21
15 1 20
16 0 23
16 2 22
16 1 21
17 2 23
17 1 22
18 0 1
18 2 0
19 0 2
19 2 1
19 1 0
20 0 3
20 2 2
20 1 1
21 0 4
21 2 3
21 1 2
22 0 5
22 2 4
22 1 3
23 2 5
23 1 4
13
1
2
5
6
7
8
11
13
15
16
17
19
20