13
4
0.9 0.42 0.3
0.0
0.025
0.1
0.2
0.35
0.2
0.125
0.09
0.07
0.07
0.08
0.07
0.05
0.08
0.1
0.09
0.09
0.07
0.05
0.03
100
0 1 6 0.12
1 0 6 0.12
0 2 6 0.14
2 0 6 0.14
0 2 5 0.14
2 0 5 0.14
0 2 4 0.14
2 0 4 0.14
7 9 6 0.18
9 7 6 0.18
7 9 5 0.18
9 7 5 0.18
7 9 4 0.18
9 7 4 0.18
6 7 6 0.23
7 6 6 0.23
6 7 5 0.23
7 6 5 0.23
6 7 4 0.23
7 6 4 0.23
6 7 3 0.23
7 6 3 0.23
3 5 6 0.27
5 3 6 0.27
3 5 5 0.27
5 3 5 0.27
3 5 4 0.27
5 3 4 0.27
3 5 3 0.27
5 3 3 0.27
3 5 2 0.27
5 3 2 0.27
10 12 6 0.33
12 10 6 0.33
10 12 5 0.33
12 10 5 0.33
10 12 4 0.33
12 10 4 0.33
10 12 3 0.33
12 10 3 0.33
10 12 2 0.33
12 10 2 0.33
11 12 6 0.35
12 11 6 0.35
11 12 5 0.35
12 11 5 0.35
11 12 4 0.35
12 11 4 0.35
11 12 3 0.35
12 11 3 0.35
11 12 2 0.35
12 11 2 0.35
3 4 6 0.32
4 3 6 0.32
3 4 5 0.32
4 3 5 0.32
3 4 4 0.32
4 3 4 0.32
3 4 3 0.32
4 3 3 0.32
3 4 2 0.32
4 3 2 0.32
3 4 1 0.32
4 3 1 0.32
7 8 6 0.34
8 7 6 0.34
7 8 5 0.34
8 7 5 0.34
7 8 4 0.34
8 7 4 0.34
7 8 3 0.34
8 7 3 0.34
7 8 2 0.34
8 7 2 0.34
7 8 1 0.34
8 7 1 0.34
8 10 6 0.4
10 8 6 0.4
8 10 5 0.4
10 8 5 0.4
8 10 4 0.4
10 8 4 0.4
8 10 3 0.4
10 8 3 0.4
8 10 2 0.4
10 8 2 0.4
8 10 1 0.4
10 8 1 0.4
10 11 6 0.24
11 10 6 0.24
10 11 5 0.24
11 10 5 0.24
10 11 4 0.24
11 10 4 0.24
10 11 3 0.24
11 10 3 0.24
10 11 2 0.24
11 10 2 0.24
10 11 1 0.24
11 10 1 0.24
12
0 1
1 1
2 1
3 2
4 1
5 2
6 1
7 1
8 2
10 2
11 2
12 2