17
3
0.9 0.42 0.25
0.025
0.1
0.2
0.35
0.2
0.1
0.025
0.02
0.11
0.09
0.11
0.06
0.06
0.1
0.09
0.02
0.07
0.09
0.11
0.02
0.08
0.06
0.02
0.08
142
0 1 6 0.01
1 0 6 0.01
6 16 6 0.17
16 6 6 0.17
6 16 5 0.17
16 6 5 0.17
9 16 6 0.16
16 9 6 0.16
9 16 5 0.16
16 9 5 0.16
0 3 6 0.35
3 0 6 0.35
0 3 5 0.35
3 0 5 0.35
0 3 4 0.35
3 0 4 0.35
0 3 3 0.35
3 0 3 0.35
4 5 6 0.18
5 4 6 0.18
4 5 5 0.18
5 4 5 0.18
4 5 4 0.18
5 4 4 0.18
4 5 3 0.18
5 4 3 0.18
4 6 6 0.16
6 4 6 0.16
4 6 5 0.16
6 4 5 0.16
4 6 4 0.16
6 4 4 0.16
4 6 3 0.16
6 4 3 0.16
2 3 6 0.56
3 2 6 0.56
2 3 5 0.56
3 2 5 0.56
2 3 4 0.56
3 2 4 0.56
2 3 3 0.56
3 2 3 0.56
2 3 2 0.56
3 2 2 0.56
4 8 6 0.32
8 4 6 0.32
4 8 5 0.32
8 4 5 0.32
4 8 4 0.32
8 4 4 0.32
4 8 3 0.32
8 4 3 0.32
4 8 2 0.32
8 4 2 0.32
4 7 6 0.38
7 4 6 0.38
4 7 5 0.38
7 4 5 0.38
4 7 4 0.38
7 4 4 0.38
4 7 3 0.38
7 4 3 0.38
4 7 2 0.38
7 4 2 0.38
9 12 6 0.24
12 9 6 0.24
9 12 5 0.24
12 9 5 0.24
9 12 4 0.24
12 9 4 0.24
9 12 3 0.24
12 9 3 0.24
9 12 2 0.24
12 9 2 0.24
13 16 6 0.26
16 13 6 0.26
13 16 5 0.26
16 13 5 0.26
13 16 4 0.26
16 13 4 0.26
13 16 3 0.26
16 13 3 0.26
13 16 2 0.26
16 13 2 0.26
13 14 6 0.46
14 13 6 0.46
13 14 5 0.46
14 13 5 0.46
13 14 4 0.46
14 13 4 0.46
13 14 3 0.46
14 13 3 0.46
13 14 2 0.46
14 13 2 0.46
1 2 6 0.34
2 1 6 0.34
1 2 5 0.34
2 1 5 0.34
1 2 4 0.34
2 1 4 0.34
1 2 3 0.34
2 1 3 0.34
1 2 2 0.34
2 1 2 0.34
1 2 1 0.34
2 1 1 0.34
9 10 6 0.4
10 9 6 0.4
9 10 5 0.4
10 9 5 0.4
9 10 4 0.4
10 9 4 0.4
9 10 3 0.4
10 9 3 0.4
9 10 2 0.4
10 9 2 0.4
9 10 1 0.4
10 9 1 0.4
14 15 6 0.34
15 14 6 0.34
14 15 5 0.34
15 14 5 0.34
14 15 4 0.34
15 14 4 0.34
14 15 3 0.34
15 14 3 0.34
14 15 2 0.34
15 14 2 0.34
14 15 1 0.34
15 14 1 0.34
15 16 6 0.25
16 15 6 0.25
15 16 5 0.25
16 15 5 0.25
15 16 4 0.25
16 15 4 0.25
15 16 3 0.25
16 15 3 0.25
15 16 2 0.25
16 15 2 0.25
15 16 1 0.25
16 15 1 0.25
13
0 2
1 2
2 2
3 2
4 2
5 1
6 1
9 2
10 1
11 1
13 2
14 2
15 2