19
4
0.9 0.42 0.25
0.025
0.1
0.2
0.35
0.2
0.1
0.025
0.11
0.1
0.1
0.06
0.11
0.06
0.1
0.1
0.02
0.02
0.06
0.06
0.06
0.1
0.06
0.04
0.06
0.04
0.08
98
8 9 6 0.09
9 8 6 0.09
10 18 6 0.14
18 10 6 0.14
11 12 6 0.05
12 11 6 0.05
12 13 6 0.18
13 12 6 0.18
0 2 6 0.03
2 0 6 0.03
0 2 5 0.03
2 0 5 0.03
14 17 6 0.13
17 14 6 0.13
14 17 5 0.13
17 14 5 0.13
0 3 6 0.2
3 0 6 0.2
0 3 5 0.2
3 0 5 0.2
0 3 4 0.2
3 0 4 0.2
5 6 6 0.25
6 5 6 0.25
5 6 5 0.25
6 5 5 0.25
5 6 4 0.25
6 5 4 0.25
10 11 6 0.19
11 10 6 0.19
10 11 5 0.19
11 10 5 0.19
10 11 4 0.19
11 10 4 0.19
14 18 6 0.24
18 14 6 0.24
14 18 5 0.24
18 14 5 0.24
14 18 4 0.24
18 14 4 0.24
14 16 6 0.13
16 14 6 0.13
14 16 5 0.13
16 14 5 0.13
14 16 4 0.13
16 14 4 0.13
14 16 3 0.13
16 14 3 0.13
14 15 6 0.35
15 14 6 0.35
14 15 5 0.35
15 14 5 0.35
14 15 4 0.35
15 14 4 0.35
14 15 3 0.35
15 14 3 0.35
0 4 6 0.24
4 0 6 0.24
0 4 5 0.24
4 0 5 0.24
0 4 4 0.24
4 0 4 0.24
0 4 3 0.24
4 0 3 0.24
0 4 2 0.24
4 0 2 0.24
3 7 6 0.1
7 3 6 0.1
3 7 5 0.1
7 3 5 0.1
3 7 4 0.1
7 3 4 0.1
3 7 3 0.1
7 3 3 0.1
3 7 2 0.1
7 3 2 0.1
6 7 6 0.43
7 6 6 0.43
6 7 5 0.43
7 6 5 0.43
6 7 4 0.43
7 6 4 0.43
6 7 3 0.43
7 6 3 0.43
6 7 2 0.43
7 6 2 0.43
0 1 6 0.52
1 0 6 0.52
0 1 5 0.52
1 0 5 0.52
0 1 4 0.52
1 0 4 0.52
0 1 3 0.52
1 0 3 0.52
0 1 2 0.52
1 0 2 0.52
0 1 1 0.52
1 0 1 0.52
15
0 1
1 2
2 1
3 1
4 2
5 2
6 1
9 2
11 1
12 2
13 1
14 2
15 1
16 2
17 2