21
3
0.9 0.42 0.2
0.025
0.1
0.2
0.35
0.2
0.1
0.025
0.07
0.07
0.11
0.04
0.03
0.1
0.08
0.07
0.09
0.09
0.07
0.1
0.11
0.09
0.08
0.01
0.04
0.09
0.04
0.1
0.14
118
1 7 6 0.12
7 1 6 0.12
5 6 6 0.09
6 5 6 0.09
7 8 6 0.05
8 7 6 0.05
7 14 6 0.08
14 7 6 0.08
15 20 6 0.02
20 15 6 0.02
3 19 6 0.14
19 3 6 0.14
3 19 5 0.14
19 3 5 0.14
15 17 6 0.08
17 15 6 0.08
15 17 5 0.08
17 15 5 0.08
15 19 6 0.15
19 15 6 0.15
15 19 5 0.15
19 15 5 0.15
0 1 6 0.2
1 0 6 0.2
0 1 5 0.2
1 0 5 0.2
0 1 4 0.2
1 0 4 0.2
2 3 6 0.28
3 2 6 0.28
2 3 5 0.28
3 2 5 0.28
2 3 4 0.28
3 2 4 0.28
10 12 6 0.19
12 10 6 0.19
10 12 5 0.19
12 10 5 0.19
10 12 4 0.19
12 10 4 0.19
14 18 6 0.29
18 14 6 0.29
14 18 5 0.29
18 14 5 0.29
14 18 4 0.29
18 14 4 0.29
15 18 6 0.26
18 15 6 0.26
15 18 5 0.26
18 15 5 0.26
15 18 4 0.26
18 15 4 0.26
0 4 6 0.23
4 0 6 0.23
0 4 5 0.23
4 0 5 0.23
0 4 4 0.23
4 0 4 0.23
0 4 3 0.23
4 0 3 0.23
10 11 6 0.26
11 10 6 0.26
10 11 5 0.26
11 10 5 0.26
10 11 4 0.26
11 10 4 0.26
10 11 3 0.26
11 10 3 0.26
10 14 6 0.28
14 10 6 0.28
10 14 5 0.28
14 10 5 0.28
10 14 4 0.28
14 10 4 0.28
10 14 3 0.28
14 10 3 0.28
15 16 6 0.27
16 15 6 0.27
15 16 5 0.27
16 15 5 0.27
15 16 4 0.27
16 15 4 0.27
15 16 3 0.27
16 15 3 0.27
6 7 6 0.41
7 6 6 0.41
6 7 5 0.41
7 6 5 0.41
6 7 4 0.41
7 6 4 0.41
6 7 3 0.41
7 6 3 0.41
6 7 2 0.41
7 6 2 0.41
8 9 6 0.39
9 8 6 0.39
8 9 5 0.39
9 8 5 0.39
8 9 4 0.39
9 8 4 0.39
8 9 3 0.39
9 8 3 0.39
8 9 2 0.39
9 8 2 0.39
8 9 1 0.39
9 8 1 0.39
10 13 6 0.39
13 10 6 0.39
10 13 5 0.39
13 10 5 0.39
10 13 4 0.39
13 10 4 0.39
10 13 3 0.39
13 10 3 0.39
10 13 2 0.39
13 10 2 0.39
10 13 1 0.39
13 10 1 0.39
17
0 1
1 2
2 2
3 1
4 1
6 1
7 2
9 2
10 2
11 2
12 2
13 2
14 2
16 2
17 1
18 2
19 2