17
3
0.9 0.42 0.35
0.025
0.1
0.2
0.35
0.2
0.1
0.025
0.08
0.06
0.09
0.08
0.06
0.04
0.09
0.02
0.07
0.07
0.12
0.05
0.08
0.02
0.08
0.06
0.07
102
8 12 6 0.12
12 8 6 0.12
15 16 6 0.07
16 15 6 0.07
14 15 6 0.17
15 14 6 0.17
14 15 5 0.17
15 14 5 0.17
3 7 6 0.07
7 3 6 0.07
3 7 5 0.07
7 3 5 0.07
3 7 4 0.07
7 3 4 0.07
5 6 6 0.22
6 5 6 0.22
5 6 5 0.22
6 5 5 0.22
5 6 4 0.22
6 5 4 0.22
9 10 6 0.28
10 9 6 0.28
9 10 5 0.28
10 9 5 0.28
9 10 4 0.28
10 9 4 0.28
11 13 6 0.21
13 11 6 0.21
11 13 5 0.21
13 11 5 0.21
11 13 4 0.21
13 11 4 0.21
0 3 6 0.23
3 0 6 0.23
0 3 5 0.23
3 0 5 0.23
0 3 4 0.23
3 0 4 0.23
0 3 3 0.23
3 0 3 0.23
8 9 6 0.27
9 8 6 0.27
8 9 5 0.27
9 8 5 0.27
8 9 4 0.27
9 8 4 0.27
8 9 3 0.27
9 8 3 0.27
0 1 6 0.44
1 0 6 0.44
0 1 5 0.44
1 0 5 0.44
0 1 4 0.44
1 0 4 0.44
0 1 3 0.44
1 0 3 0.44
0 1 2 0.44
1 0 2 0.44
0 2 6 0.42
2 0 6 0.42
0 2 5 0.42
2 0 5 0.42
0 2 4 0.42
2 0 4 0.42
0 2 3 0.42
2 0 3 0.42
0 2 2 0.42
2 0 2 0.42
4 5 6 0.16
5 4 6 0.16
4 5 5 0.16
5 4 5 0.16
4 5 4 0.16
5 4 4 0.16
4 5 3 0.16
5 4 3 0.16
4 5 2 0.16
5 4 2 0.16
4 7 6 0.44
7 4 6 0.44
4 7 5 0.44
7 4 5 0.44
4 7 4 0.44
7 4 4 0.44
4 7 3 0.44
7 4 3 0.44
4 7 2 0.44
7 4 2 0.44
4 7 1 0.44
7 4 1 0.44
5 8 6 0.37
8 5 6 0.37
5 8 5 0.37
8 5 5 0.37
5 8 4 0.37
8 5 4 0.37
5 8 3 0.37
8 5 3 0.37
5 8 2 0.37
8 5 2 0.37
5 8 1 0.37
8 5 1 0.37
15
0 2
1 1
2 1
3 2
4 2
5 2
6 2
8 1
9 2
10 2
11 1
12 1
13 1
14 2
15 2