19
3
0.9 0.42 0.25
0.025
0.1
0.2
0.35
0.2
0.1
0.025
0.07
0.09
0.06
0.03
0.1
0.05
0.08
0.08
0.1
0.05
0.06
0.07
0.01
0.07
0.12
0.09
0.1
0.08
0.07
144
4 5 6 0.16
5 4 6 0.16
5 10 6 0.09
10 5 6 0.09
11 12 6 0.07
12 11 6 0.07
12 13 6 0.14
13 12 6 0.14
15 16 6 0.13
16 15 6 0.13
15 16 5 0.13
16 15 5 0.13
1 2 6 0.17
2 1 6 0.17
1 2 5 0.17
2 1 5 0.17
1 2 4 0.17
2 1 4 0.17
3 4 6 0.16
4 3 6 0.16
3 4 5 0.16
4 3 5 0.16
3 4 4 0.16
4 3 4 0.16
6 7 6 0.25
7 6 6 0.25
6 7 5 0.25
7 6 5 0.25
6 7 4 0.25
7 6 4 0.25
7 10 6 0.1
10 7 6 0.1
7 10 5 0.1
10 7 5 0.1
7 10 4 0.1
10 7 4 0.1
11 17 6 0.08
17 11 6 0.08
11 17 5 0.08
17 11 5 0.08
11 17 4 0.08
17 11 4 0.08
11 14 6 0.2
14 11 6 0.2
11 14 5 0.2
14 11 5 0.2
11 14 4 0.2
14 11 4 0.2
3 5 6 0.18
5 3 6 0.18
3 5 5 0.18
5 3 5 0.18
3 5 4 0.18
5 3 4 0.18
3 5 3 0.18
5 3 3 0.18
6 10 6 0.4
10 6 6 0.4
6 10 5 0.4
10 6 5 0.4
6 10 4 0.4
10 6 4 0.4
6 10 3 0.4
10 6 3 0.4
6 10 2 0.4
10 6 2 0.4
7 8 6 0.42
8 7 6 0.42
7 8 5 0.42
8 7 5 0.42
7 8 4 0.42
8 7 4 0.42
7 8 3 0.42
8 7 3 0.42
7 8 2 0.42
8 7 2 0.42
9 12 6 0.39
12 9 6 0.39
9 12 5 0.39
12 9 5 0.39
9 12 4 0.39
12 9 4 0.39
9 12 3 0.39
12 9 3 0.39
9 12 2 0.39
12 9 2 0.39
17 18 6 0.25
18 17 6 0.25
17 18 5 0.25
18 17 5 0.25
17 18 4 0.25
18 17 4 0.25
17 18 3 0.25
18 17 3 0.25
17 18 2 0.25
18 17 2 0.25
0 16 6 0.24
16 0 6 0.24
0 16 5 0.24
16 0 5 0.24
0 16 4 0.24
16 0 4 0.24
0 16 3 0.24
16 0 3 0.24
0 16 2 0.24
16 0 2 0.24
0 16 1 0.24
16 0 1 0.24
0 2 6 0.31
2 0 6 0.31
0 2 5 0.31
2 0 5 0.31
0 2 4 0.31
2 0 4 0.31
0 2 3 0.31
2 0 3 0.31
0 2 2 0.31
2 0 2 0.31
0 2 1 0.31
2 0 1 0.31
9 10 6 0.51
10 9 6 0.51
9 10 5 0.51
10 9 5 0.51
9 10 4 0.51
10 9 4 0.51
9 10 3 0.51
10 9 3 0.51
9 10 2 0.51
10 9 2 0.51
9 10 1 0.51
10 9 1 0.51
13 14 6 0.37
14 13 6 0.37
13 14 5 0.37
14 13 5 0.37
13 14 4 0.37
14 13 4 0.37
13 14 3 0.37
14 13 3 0.37
13 14 2 0.37
14 13 2 0.37
13 14 1 0.37
14 13 1 0.37
15
0 1
1 2
2 2
4 2
7 2
8 2
9 2
10 1
11 1
12 1
13 2
15 1
16 2
17 1
18 1