27
4
0.9 0.42 0.2
0.025
0.1
0.2
0.35
0.2
0.1
0.025
0.06
0.1
0.07
0.09
0.08
0.04
0.06
0.1
0.12
0.09
0.04
0.1
0.05
0.06
0.06
0.08
0.05
0.05
0.08
0.06
0.01
0.05
0.02
0.11
0.1
0.11
0.09
92
0 4 6 0.12
4 0 6 0.12
9 10 6 0.15
10 9 6 0.15
13 14 6 0.17
14 13 6 0.17
15 16 6 0.19
16 15 6 0.19
17 21 6 0.12
21 17 6 0.12
20 26 6 0.1
26 20 6 0.1
23 24 6 0.07
24 23 6 0.07
0 5 6 0.12
5 0 6 0.12
0 5 5 0.12
5 0 5 0.12
7 8 6 0.14
8 7 6 0.14
7 8 5 0.14
8 7 5 0.14
7 13 6 0.12
13 7 6 0.12
7 13 5 0.12
13 7 5 0.12
11 16 6 0.06
16 11 6 0.06
11 16 5 0.06
16 11 5 0.06
17 22 6 0.19
22 17 6 0.19
17 22 5 0.19
22 17 5 0.19
24 25 6 0.18
25 24 6 0.18
24 25 5 0.18
25 24 5 0.18
25 26 6 0.15
26 25 6 0.15
25 26 5 0.15
26 25 5 0.15
4 10 6 0.32
10 4 6 0.32
4 10 5 0.32
10 4 5 0.32
4 10 4 0.32
10 4 4 0.32
6 7 6 0.28
7 6 6 0.28
6 7 5 0.28
7 6 5 0.28
6 7 4 0.28
7 6 4 0.28
17 20 6 0.13
20 17 6 0.13
17 20 5 0.13
20 17 5 0.13
17 20 4 0.13
20 17 4 0.13
0 1 6 0.34
1 0 6 0.34
0 1 5 0.34
1 0 5 0.34
0 1 4 0.34
1 0 4 0.34
0 1 3 0.34
1 0 3 0.34
12 14 6 0.5
14 12 6 0.5
12 14 5 0.5
14 12 5 0.5
12 14 4 0.5
14 12 4 0.5
12 14 3 0.5
14 12 3 0.5
12 14 2 0.5
14 12 2 0.5
12 14 1 0.5
14 12 1 0.5
17 19 6 0.22
19 17 6 0.22
17 19 5 0.22
19 17 5 0.22
17 19 4 0.22
19 17 4 0.22
17 19 3 0.22
19 17 3 0.22
17 19 2 0.22
19 17 2 0.22
17 19 1 0.22
19 17 1 0.22
20
0 1
1 2
3 1
4 1
5 2
6 1
7 2
8 2
11 1
12 1
13 2
15 1
17 2
18 2
19 2
20 1
21 2
23 1
25 2
26 2