30
4
0.9 0.42 0.15
0.025
0.1
0.2
0.35
0.2
0.1
0.025
0.07
0.1
0.07
0.08
0.11
0.11
0.03
0.07
0.06
0.1
0.11
0.08
0.09
0.1
0.07
0.07
0.07
0.07
0.04
0.08
0.08
0.08
0.08
0.08
0.02
0.04
0.08
0.11
0.09
0.07
156
6 11 6 0.09
11 6 6 0.09
6 7 6 0.07
7 6 6 0.07
20 21 6 0.08
21 20 6 0.08
12 14 6 0.13
14 12 6 0.13
12 14 5 0.13
14 12 5 0.13
13 14 6 0.2
14 13 6 0.2
13 14 5 0.2
14 13 5 0.2
19 20 6 0.09
20 19 6 0.09
19 20 5 0.09
20 19 5 0.09
21 22 6 0.13
22 21 6 0.13
21 22 5 0.13
22 21 5 0.13
15 17 6 0.07
17 15 6 0.07
15 17 5 0.07
17 15 5 0.07
15 17 4 0.07
17 15 4 0.07
16 17 6 0.08
17 16 6 0.08
16 17 5 0.08
17 16 5 0.08
16 17 4 0.08
17 16 4 0.08
22 23 6 0.12
23 22 6 0.12
22 23 5 0.12
23 22 5 0.12
22 23 4 0.12
23 22 4 0.12
26 27 6 0.23
27 26 6 0.23
26 27 5 0.23
27 26 5 0.23
26 27 4 0.23
27 26 4 0.23
28 29 6 0.13
29 28 6 0.13
28 29 5 0.13
29 28 5 0.13
28 29 4 0.13
29 28 4 0.13
1 2 6 0.15
2 1 6 0.15
1 2 5 0.15
2 1 5 0.15
1 2 4 0.15
2 1 4 0.15
1 2 3 0.15
2 1 3 0.15
2 3 6 0.18
3 2 6 0.18
2 3 5 0.18
3 2 5 0.18
2 3 4 0.18
3 2 4 0.18
2 3 3 0.18
3 2 3 0.18
4 5 6 0.21
5 4 6 0.21
4 5 5 0.21
5 4 5 0.21
4 5 4 0.21
5 4 4 0.21
4 5 3 0.21
5 4 3 0.21
9 10 6 0.19
10 9 6 0.19
9 10 5 0.19
10 9 5 0.19
9 10 4 0.19
10 9 4 0.19
9 10 3 0.19
10 9 3 0.19
12 13 6 0.26
13 12 6 0.26
12 13 5 0.26
13 12 5 0.26
12 13 4 0.26
13 12 4 0.26
12 13 3 0.26
13 12 3 0.26
3 4 6 0.5
4 3 6 0.5
3 4 5 0.5
4 3 5 0.5
3 4 4 0.5
4 3 4 0.5
3 4 3 0.5
4 3 3 0.5
3 4 2 0.5
4 3 2 0.5
8 9 6 0.33
9 8 6 0.33
8 9 5 0.33
9 8 5 0.33
8 9 4 0.33
9 8 4 0.33
8 9 3 0.33
9 8 3 0.33
8 9 2 0.33
9 8 2 0.33
10 11 6 0.07
11 10 6 0.07
10 11 5 0.07
11 10 5 0.07
10 11 4 0.07
11 10 4 0.07
10 11 3 0.07
11 10 3 0.07
10 11 2 0.07
11 10 2 0.07
25 26 6 0.34
26 25 6 0.34
25 26 5 0.34
26 25 5 0.34
25 26 4 0.34
26 25 4 0.34
25 26 3 0.34
26 25 3 0.34
25 26 2 0.34
26 25 2 0.34
7 8 6 0.33
8 7 6 0.33
7 8 5 0.33
8 7 5 0.33
7 8 4 0.33
8 7 4 0.33
7 8 3 0.33
8 7 3 0.33
7 8 2 0.33
8 7 2 0.33
7 8 1 0.33
8 7 1 0.33
8 24 6 0.39
24 8 6 0.39
8 24 5 0.39
24 8 5 0.39
8 24 4 0.39
24 8 4 0.39
8 24 3 0.39
24 8 3 0.39
8 24 2 0.39
24 8 2 0.39
8 24 1 0.39
24 8 1 0.39
24
0 2
1 1
2 1
3 2
4 2
5 2
6 2
7 2
8 2
9 2
10 2
11 2
13 2
14 1
15 1
16 1
17 2
18 2
19 2
20 1
21 2
23 1
26 1
28 1