31
4
0.9 0.42 0.2
0.025
0.1
0.2
0.35
0.2
0.1
0.025
0.12
0.09
0.08
0.07
0.08
0.11
0.08
0.08
0.02
0.13
0.11
0.09
0.06
0.1
0.03
0.05
0.05
0.01
0.1
0.04
0.12
0.07
0.09
0.09
0.05
0.05
0.04
0.07
0.08
0.1
0.03
202
2 3 6 0.08
3 2 6 0.08
3 4 6 0.1
4 3 6 0.1
4 5 6 0.11
5 4 6 0.11
16 17 6 0.07
17 16 6 0.07
23 28 6 0.14
28 23 6 0.14
25 28 6 0.08
28 25 6 0.08
0 27 6 0.1
27 0 6 0.1
0 27 5 0.1
27 0 5 0.1
0 3 6 0.1
3 0 6 0.1
0 3 5 0.1
3 0 5 0.1
4 7 6 0.2
7 4 6 0.2
4 7 5 0.2
7 4 5 0.2
4 9 6 0.17
9 4 6 0.17
4 9 5 0.17
9 4 5 0.17
21 22 6 0.2
22 21 6 0.2
21 22 5 0.2
22 21 5 0.2
1 2 6 0.2
2 1 6 0.2
1 2 5 0.2
2 1 5 0.2
1 2 4 0.2
2 1 4 0.2
4 6 6 0.11
6 4 6 0.11
4 6 5 0.11
6 4 5 0.11
4 6 4 0.11
6 4 4 0.11
18 19 6 0.2
19 18 6 0.2
18 19 5 0.2
19 18 5 0.2
18 19 4 0.2
19 18 4 0.2
10 16 6 0.22
16 10 6 0.22
10 16 5 0.22
16 10 5 0.22
10 16 4 0.22
16 10 4 0.22
10 16 3 0.22
16 10 3 0.22
10 11 6 0.27
11 10 6 0.27
10 11 5 0.27
11 10 5 0.27
10 11 4 0.27
11 10 4 0.27
10 11 3 0.27
11 10 3 0.27
11 12 6 0.2
12 11 6 0.2
11 12 5 0.2
12 11 5 0.2
11 12 4 0.2
12 11 4 0.2
11 12 3 0.2
12 11 3 0.2
19 20 6 0.17
20 19 6 0.17
19 20 5 0.17
20 19 5 0.17
19 20 4 0.17
20 19 4 0.17
19 20 3 0.17
20 19 3 0.17
10 14 6 0.39
14 10 6 0.39
10 14 5 0.39
14 10 5 0.39
10 14 4 0.39
14 10 4 0.39
10 14 3 0.39
14 10 3 0.39
10 14 2 0.39
14 10 2 0.39
15 16 6 0.36
16 15 6 0.36
15 16 5 0.36
16 15 5 0.36
15 16 4 0.36
16 15 4 0.36
15 16 3 0.36
16 15 3 0.36
15 16 2 0.36
16 15 2 0.36
20 21 6 0.29
21 20 6 0.29
20 21 5 0.29
21 20 5 0.29
20 21 4 0.29
21 20 4 0.29
20 21 3 0.29
21 20 3 0.29
20 21 2 0.29
21 20 2 0.29
25 26 6 0.36
26 25 6 0.36
25 26 5 0.36
26 25 5 0.36
25 26 4 0.36
26 25 4 0.36
25 26 3 0.36
26 25 3 0.36
25 26 2 0.36
26 25 2 0.36
25 27 6 0.26
27 25 6 0.26
25 27 5 0.26
27 25 5 0.26
25 27 4 0.26
27 25 4 0.26
25 27 3 0.26
27 25 3 0.26
25 27 2 0.26
27 25 2 0.26
25 29 6 0.49
29 25 6 0.49
25 29 5 0.49
29 25 5 0.49
25 29 4 0.49
29 25 4 0.49
25 29 3 0.49
29 25 3 0.49
25 29 2 0.49
29 25 2 0.49
4 8 6 0.38
8 4 6 0.38
4 8 5 0.38
8 4 5 0.38
4 8 4 0.38
8 4 4 0.38
4 8 3 0.38
8 4 3 0.38
4 8 2 0.38
8 4 2 0.38
4 8 1 0.38
8 4 1 0.38
5 11 6 0.26
11 5 6 0.26
5 11 5 0.26
11 5 5 0.26
5 11 4 0.26
11 5 4 0.26
5 11 3 0.26
11 5 3 0.26
5 11 2 0.26
11 5 2 0.26
5 11 1 0.26
11 5 1 0.26
13 14 6 0.44
14 13 6 0.44
13 14 5 0.44
14 13 5 0.44
13 14 4 0.44
14 13 4 0.44
13 14 3 0.44
14 13 3 0.44
13 14 2 0.44
14 13 2 0.44
13 14 1 0.44
14 13 1 0.44
22 23 6 0.42
23 22 6 0.42
22 23 5 0.42
23 22 5 0.42
22 23 4 0.42
23 22 4 0.42
22 23 3 0.42
23 22 3 0.42
22 23 2 0.42
23 22 2 0.42
22 23 1 0.42
23 22 1 0.42
23 24 6 0.19
24 23 6 0.19
23 24 5 0.19
24 23 5 0.19
23 24 4 0.19
24 23 4 0.19
23 24 3 0.19
24 23 3 0.19
23 24 2 0.19
24 23 2 0.19
23 24 1 0.19
24 23 1 0.19
26
0 1
1 2
2 2
3 2
4 2
5 2
6 1
7 2
8 2
9 2
10 2
14 2
16 2
17 1
18 1
19 1
20 2
21 1
22 2
23 2
24 1
25 2
27 2
28 2
29 2
30 2