7
3
0.9 0.42 0.5
0.0
0.0
0.05
0.1
0.2
0.45
0.2
0.09
0.02
0.1
0.09
0.09
0.04
0.07
40
3 6 6 0.07
6 3 6 0.07
0 2 6 0.19
2 0 6 0.19
0 2 5 0.19
2 0 5 0.19
0 2 4 0.19
2 0 4 0.19
5 6 6 0.01
6 5 6 0.01
5 6 5 0.01
6 5 5 0.01
5 6 4 0.01
6 5 4 0.01
0 1 6 0.38
1 0 6 0.38
0 1 5 0.38
1 0 5 0.38
0 1 4 0.38
1 0 4 0.38
0 1 3 0.38
1 0 3 0.38
3 4 6 0.26
4 3 6 0.26
3 4 5 0.26
4 3 5 0.26
3 4 4 0.26
4 3 4 0.26
3 4 3 0.26
4 3 3 0.26
1 2 6 0.33
2 1 6 0.33
1 2 5 0.33
2 1 5 0.33
1 2 4 0.33
2 1 4 0.33
1 2 3 0.33
2 1 3 0.33
1 2 2 0.33
2 1 2 0.33
7
0 2
1 2
2 1
3 2
4 2
5 1
6 1