38
4
0.9 0.42 0.15
0.025
0.1
0.2
0.35
0.2
0.1
0.025
0.14
0.1
0.07
0.11
0.12
0.01
0.03
0.08
0.12
0.06
0.09
0.11
0.09
0.09
0.06
0.07
0.12
0.07
0.09
0.08
0.1
0.05
0.07
0.07
0.08
0.1
0.07
0.09
0.08
0.09
0.08
0.09
0.08
0.08
0.06
0.07
0.08
0.08
306
7 12 6 0.11
12 7 6 0.11
13 15 6 0.06
15 13 6 0.06
28 29 6 0.06
29 28 6 0.06
32 33 6 0.19
33 32 6 0.19
36 37 6 0.07
37 36 6 0.07
11 16 6 0.2
16 11 6 0.2
11 16 5 0.2
16 11 5 0.2
5 6 6 0.28
6 5 6 0.28
5 6 5 0.28
6 5 5 0.28
5 6 4 0.28
6 5 4 0.28
20 21 6 0.27
21 20 6 0.27
20 21 5 0.27
21 20 5 0.27
20 21 4 0.27
21 20 4 0.27
25 30 6 0.12
30 25 6 0.12
25 30 5 0.12
30 25 5 0.12
25 30 4 0.12
30 25 4 0.12
26 27 6 0.25
27 26 6 0.25
26 27 5 0.25
27 26 5 0.25
26 27 4 0.25
27 26 4 0.25
26 29 6 0.14
29 26 6 0.14
26 29 5 0.14
29 26 5 0.14
26 29 4 0.14
29 26 4 0.14
29 31 6 0.15
31 29 6 0.15
29 31 5 0.15
31 29 5 0.15
29 31 4 0.15
31 29 4 0.15
32 37 6 0.21
37 32 6 0.21
32 37 5 0.21
37 32 5 0.21
32 37 4 0.21
37 32 4 0.21
1 2 6 0.33
2 1 6 0.33
1 2 5 0.33
2 1 5 0.33
1 2 4 0.33
2 1 4 0.33
1 2 3 0.33
2 1 3 0.33
4 5 6 0.2
5 4 6 0.2
4 5 5 0.2
5 4 5 0.2
4 5 4 0.2
5 4 4 0.2
4 5 3 0.2
5 4 3 0.2
7 11 6 0.22
11 7 6 0.22
7 11 5 0.22
11 7 5 0.22
7 11 4 0.22
11 7 4 0.22
7 11 3 0.22
11 7 3 0.22
18 21 6 0.4
21 18 6 0.4
18 21 5 0.4
21 18 5 0.4
18 21 4 0.4
21 18 4 0.4
18 21 3 0.4
21 18 3 0.4
21 22 6 0.34
22 21 6 0.34
21 22 5 0.34
22 21 5 0.34
21 22 4 0.34
22 21 4 0.34
21 22 3 0.34
22 21 3 0.34
22 23 6 0.12
23 22 6 0.12
22 23 5 0.12
23 22 5 0.12
22 23 4 0.12
23 22 4 0.12
22 23 3 0.12
23 22 3 0.12
27 28 6 0.32
28 27 6 0.32
27 28 5 0.32
28 27 5 0.32
27 28 4 0.32
28 27 4 0.32
27 28 3 0.32
28 27 3 0.32
29 30 6 0.21
30 29 6 0.21
29 30 5 0.21
30 29 5 0.21
29 30 4 0.21
30 29 4 0.21
29 30 3 0.21
30 29 3 0.21
30 32 6 0.3
32 30 6 0.3
30 32 5 0.3
32 30 5 0.3
30 32 4 0.3
32 30 4 0.3
30 32 3 0.3
32 30 3 0.3
0 1 6 0.34
1 0 6 0.34
0 1 5 0.34
1 0 5 0.34
0 1 4 0.34
1 0 4 0.34
0 1 3 0.34
1 0 3 0.34
0 1 2 0.34
1 0 2 0.34
2 3 6 0.43
3 2 6 0.43
2 3 5 0.43
3 2 5 0.43
2 3 4 0.43
3 2 4 0.43
2 3 3 0.43
3 2 3 0.43
2 3 2 0.43
3 2 2 0.43
6 10 6 0.46
10 6 6 0.46
6 10 5 0.46
10 6 5 0.46
6 10 4 0.46
10 6 4 0.46
6 10 3 0.46
10 6 3 0.46
6 10 2 0.46
10 6 2 0.46
7 9 6 0.29
9 7 6 0.29
7 9 5 0.29
9 7 5 0.29
7 9 4 0.29
9 7 4 0.29
7 9 3 0.29
9 7 3 0.29
7 9 2 0.29
9 7 2 0.29
13 17 6 0.4
17 13 6 0.4
13 17 5 0.4
17 13 5 0.4
13 17 4 0.4
17 13 4 0.4
13 17 3 0.4
17 13 3 0.4
13 17 2 0.4
17 13 2 0.4
30 31 6 0.51
31 30 6 0.51
30 31 5 0.51
31 30 5 0.51
30 31 4 0.51
31 30 4 0.51
30 31 3 0.51
31 30 3 0.51
30 31 2 0.51
31 30 2 0.51
33 34 6 0.27
34 33 6 0.27
33 34 5 0.27
34 33 5 0.27
33 34 4 0.27
34 33 4 0.27
33 34 3 0.27
34 33 3 0.27
33 34 2 0.27
34 33 2 0.27
7 8 6 0.29
8 7 6 0.29
7 8 5 0.29
8 7 5 0.29
7 8 4 0.29
8 7 4 0.29
7 8 3 0.29
8 7 3 0.29
7 8 2 0.29
8 7 2 0.29
7 8 1 0.29
8 7 1 0.29
7 10 6 0.55
10 7 6 0.55
7 10 5 0.55
10 7 5 0.55
7 10 4 0.55
10 7 4 0.55
7 10 3 0.55
10 7 3 0.55
7 10 2 0.55
10 7 2 0.55
7 10 1 0.55
10 7 1 0.55
13 16 6 0.45
16 13 6 0.45
13 16 5 0.45
16 13 5 0.45
13 16 4 0.45
16 13 4 0.45
13 16 3 0.45
16 13 3 0.45
13 16 2 0.45
16 13 2 0.45
13 16 1 0.45
16 13 1 0.45
13 19 6 0.39
19 13 6 0.39
13 19 5 0.39
19 13 5 0.39
13 19 4 0.39
19 13 4 0.39
13 19 3 0.39
19 13 3 0.39
13 19 2 0.39
19 13 2 0.39
13 19 1 0.39
19 13 1 0.39
13 14 6 0.11
14 13 6 0.11
13 14 5 0.11
14 13 5 0.11
13 14 4 0.11
14 13 4 0.11
13 14 3 0.11
14 13 3 0.11
13 14 2 0.11
14 13 2 0.11
13 14 1 0.11
14 13 1 0.11
23 24 6 0.39
24 23 6 0.39
23 24 5 0.39
24 23 5 0.39
23 24 4 0.39
24 23 4 0.39
23 24 3 0.39
24 23 3 0.39
23 24 2 0.39
24 23 2 0.39
23 24 1 0.39
24 23 1 0.39
24 25 6 0.36
25 24 6 0.36
24 25 5 0.36
25 24 5 0.36
24 25 4 0.36
25 24 4 0.36
24 25 3 0.36
25 24 3 0.36
24 25 2 0.36
25 24 2 0.36
24 25 1 0.36
25 24 1 0.36
26 31 6 0.24
31 26 6 0.24
26 31 5 0.24
31 26 5 0.24
26 31 4 0.24
31 26 4 0.24
26 31 3 0.24
31 26 3 0.24
26 31 2 0.24
31 26 2 0.24
26 31 1 0.24
31 26 1 0.24
35 36 6 0.18
36 35 6 0.18
35 36 5 0.18
36 35 5 0.18
35 36 4 0.18
36 35 4 0.18
35 36 3 0.18
36 35 3 0.18
35 36 2 0.18
36 35 2 0.18
35 36 1 0.18
36 35 1 0.18
30
0 2
1 1
2 2
4 1
5 2
7 2
9 2
10 2
12 1
13 1
14 2
17 2
18 2
20 2
21 2
22 1
23 1
24 2
25 1
26 2
27 2
28 1
30 2
31 1
32 1
33 2
34 2
35 2
36 1
37 1