11
3
0.9 0.42 0.3
0.0
0.0
0.05
0.1
0.2
0.45
0.2
0.09
0.1
0.08
0.07
0.01
0.06
0.14
0.01
0.06
0.03
0.08
42
1 2 6 0.13
2 1 6 0.13
3 4 6 0.14
4 3 6 0.14
5 6 6 0.09
6 5 6 0.09
6 7 6 0.09
7 6 6 0.09
2 10 6 0.16
10 2 6 0.16
2 10 5 0.16
10 2 5 0.16
0 1 6 0.22
1 0 6 0.22
0 1 5 0.22
1 0 5 0.22
0 1 4 0.22
1 0 4 0.22
2 3 6 0.35
3 2 6 0.35
2 3 5 0.35
3 2 5 0.35
2 3 4 0.35
3 2 4 0.35
2 3 3 0.35
3 2 3 0.35
2 3 2 0.35
3 2 2 0.35
2 3 1 0.35
3 2 1 0.35
9 10 6 0.33
10 9 6 0.33
9 10 5 0.33
10 9 5 0.33
9 10 4 0.33
10 9 4 0.33
9 10 3 0.33
10 9 3 0.33
9 10 2 0.33
10 9 2 0.33
9 10 1 0.33
10 9 1 0.33
9
0 1
1 2
3 1
5 2
6 2
7 2
8 2
9 2
10 2