9
3
0.9 0.42 0.5
0.0
0.0
0.05
0.1
0.2
0.45
0.2
0.09
0.05
0.09
0.06
0.06
0.08
0.08
0.04
0.1
40
2 3 6 0.09
3 2 6 0.09
2 4 6 0.05
4 2 6 0.05
5 8 6 0.22
8 5 6 0.22
5 8 5 0.22
8 5 5 0.22
5 8 4 0.22
8 5 4 0.22
5 8 3 0.22
8 5 3 0.22
5 7 6 0.29
7 5 6 0.29
5 7 5 0.29
7 5 5 0.29
5 7 4 0.29
7 5 4 0.29
5 7 3 0.29
7 5 3 0.29
3 4 6 0.3
4 3 6 0.3
3 4 5 0.3
4 3 5 0.3
3 4 4 0.3
4 3 4 0.3
3 4 3 0.3
4 3 3 0.3
3 4 2 0.3
4 3 2 0.3
5 6 6 0.32
6 5 6 0.32
5 6 5 0.32
6 5 5 0.32
5 6 4 0.32
6 5 4 0.32
5 6 3 0.32
6 5 3 0.32
5 6 2 0.32
6 5 2 0.32
8
0 2
2 1
3 1
4 2
5 2
6 1
7 1
8 1