9
4
0.9 0.42 0.4
0.0
0.0
0.05
0.1
0.2
0.45
0.2
0.08
0.08
0.07
0.08
0.09
0.09
0.01
0.06
0.09
40
0 8 6 0.07
8 0 6 0.07
0 1 6 0.02
1 0 6 0.02
3 4 6 0.08
4 3 6 0.08
2 4 6 0.11
4 2 6 0.11
2 4 5 0.11
4 2 5 0.11
6 7 6 0.31
7 6 6 0.31
6 7 5 0.31
7 6 5 0.31
6 7 4 0.31
7 6 4 0.31
6 7 3 0.31
7 6 3 0.31
7 8 6 0.36
8 7 6 0.36
7 8 5 0.36
8 7 5 0.36
7 8 4 0.36
8 7 4 0.36
7 8 3 0.36
8 7 3 0.36
7 8 2 0.36
8 7 2 0.36
2 3 6 0.23
3 2 6 0.23
2 3 5 0.23
3 2 5 0.23
2 3 4 0.23
3 2 4 0.23
2 3 3 0.23
3 2 3 0.23
2 3 2 0.23
3 2 2 0.23
2 3 1 0.23
3 2 1 0.23
8
0 1
2 2
3 2
4 1
5 2
6 2
7 2
8 1