14
3
0.9 0.42 0.3
0.0
0.025
0.1
0.2
0.35
0.2
0.125
0.09
0.1
0.05
0.04
0.06
0.03
0.08
0.08
0.12
0.11
0.1
0.03
0.04
0.04
106
3 4 6 0.14
4 3 6 0.14
8 13 6 0.12
13 8 6 0.12
9 13 6 0.07
13 9 6 0.07
11 12 6 0.06
12 11 6 0.06
0 4 6 0.11
4 0 6 0.11
0 4 5 0.11
4 0 5 0.11
4 7 6 0.16
7 4 6 0.16
4 7 5 0.16
7 4 5 0.16
5 8 6 0.22
8 5 6 0.22
5 8 5 0.22
8 5 5 0.22
9 10 6 0.2
10 9 6 0.2
9 10 5 0.2
10 9 5 0.2
5 7 6 0.22
7 5 6 0.22
5 7 5 0.22
7 5 5 0.22
5 7 4 0.22
7 5 4 0.22
10 11 6 0.3
11 10 6 0.3
10 11 5 0.3
11 10 5 0.3
10 11 4 0.3
11 10 4 0.3
10 13 6 0.25
13 10 6 0.25
10 13 5 0.25
13 10 5 0.25
10 13 4 0.25
13 10 4 0.25
2 3 6 0.19
3 2 6 0.19
2 3 5 0.19
3 2 5 0.19
2 3 4 0.19
3 2 4 0.19
2 3 3 0.19
3 2 3 0.19
5 6 6 0.24
6 5 6 0.24
5 6 5 0.24
6 5 5 0.24
5 6 4 0.24
6 5 4 0.24
5 6 3 0.24
6 5 3 0.24
6 7 6 0.34
7 6 6 0.34
6 7 5 0.34
7 6 5 0.34
6 7 4 0.34
7 6 4 0.34
6 7 3 0.34
7 6 3 0.34
11 13 6 0.31
13 11 6 0.31
11 13 5 0.31
13 11 5 0.31
11 13 4 0.31
13 11 4 0.31
11 13 3 0.31
13 11 3 0.31
2 12 6 0.33
12 2 6 0.33
2 12 5 0.33
12 2 5 0.33
2 12 4 0.33
12 2 4 0.33
2 12 3 0.33
12 2 3 0.33
2 12 2 0.33
12 2 2 0.33
12 13 6 0.15
13 12 6 0.15
12 13 5 0.15
13 12 5 0.15
12 13 4 0.15
13 12 4 0.15
12 13 3 0.15
13 12 3 0.15
12 13 2 0.15
13 12 2 0.15
1 2 6 0.32
2 1 6 0.32
1 2 5 0.32
2 1 5 0.32
1 2 4 0.32
2 1 4 0.32
1 2 3 0.32
2 1 3 0.32
1 2 2 0.32
2 1 2 0.32
1 2 1 0.32
2 1 1 0.32
11
0 1
1 1
3 1
4 2
5 2
6 1
7 1
9 2
10 2
12 2
13 2