13
4
0.9 0.42 0.25
0.0
0.025
0.1
0.2
0.35
0.2
0.125
0.08
0.1
0.09
0.11
0.06
0.06
0.08
0.08
0.03
0.07
0.08
0.09
0.06
60
7 11 6 0.12
11 7 6 0.12
6 9 6 0.1
9 6 6 0.1
6 9 5 0.1
9 6 5 0.1
0 1 6 0.21
1 0 6 0.21
0 1 5 0.21
1 0 5 0.21
0 1 4 0.21
1 0 4 0.21
1 2 6 0.18
2 1 6 0.18
1 2 5 0.18
2 1 5 0.18
1 2 4 0.18
2 1 4 0.18
5 6 6 0.19
6 5 6 0.19
5 6 5 0.19
6 5 5 0.19
5 6 4 0.19
6 5 4 0.19
7 8 6 0.12
8 7 6 0.12
7 8 5 0.12
8 7 5 0.12
7 8 4 0.12
8 7 4 0.12
7 10 6 0.28
10 7 6 0.28
7 10 5 0.28
10 7 5 0.28
7 10 4 0.28
10 7 4 0.28
7 10 3 0.28
10 7 3 0.28
2 3 6 0.34
3 2 6 0.34
2 3 5 0.34
3 2 5 0.34
2 3 4 0.34
3 2 4 0.34
2 3 3 0.34
3 2 3 0.34
2 3 2 0.34
3 2 2 0.34
4 6 6 0.36
6 4 6 0.36
4 6 5 0.36
6 4 5 0.36
4 6 4 0.36
6 4 4 0.36
4 6 3 0.36
6 4 3 0.36
4 6 2 0.36
6 4 2 0.36
4 6 1 0.36
6 4 1 0.36
12
0 1
1 1
2 1
3 2
4 1
5 1
7 1
8 1
9 2
10 1
11 1
12 1