15
3
0.9 0.42 0.25
0.0
0.025
0.1
0.2
0.35
0.2
0.125
0.07
0.1
0.13
0.07
0.02
0.05
0.06
0.01
0.08
0.07
0.09
0.05
0.08
0.08
0.08
124
6 13 6 0.05
13 6 6 0.05
9 11 6 0.06
11 9 6 0.06
9 12 6 0.02
12 9 6 0.02
4 8 6 0.12
8 4 6 0.12
4 8 5 0.12
8 4 5 0.12
9 14 6 0.26
14 9 6 0.26
9 14 5 0.26
14 9 5 0.26
9 14 4 0.26
14 9 4 0.26
0 3 6 0.14
3 0 6 0.14
0 3 5 0.14
3 0 5 0.14
0 3 4 0.14
3 0 4 0.14
0 3 3 0.14
3 0 3 0.14
0 4 6 0.24
4 0 6 0.24
0 4 5 0.24
4 0 5 0.24
0 4 4 0.24
4 0 4 0.24
0 4 3 0.24
4 0 3 0.24
1 2 6 0.3
2 1 6 0.3
1 2 5 0.3
2 1 5 0.3
1 2 4 0.3
2 1 4 0.3
1 2 3 0.3
2 1 3 0.3
2 11 6 0.07
11 2 6 0.07
2 11 5 0.07
11 2 5 0.07
2 11 4 0.07
11 2 4 0.07
2 11 3 0.07
11 2 3 0.07
7 8 6 0.12
8 7 6 0.12
7 8 5 0.12
8 7 5 0.12
7 8 4 0.12
8 7 4 0.12
7 8 3 0.12
8 7 3 0.12
4 5 6 0.22
5 4 6 0.22
4 5 5 0.22
5 4 5 0.22
4 5 4 0.22
5 4 4 0.22
4 5 3 0.22
5 4 3 0.22
4 5 2 0.22
5 4 2 0.22
6 7 6 0.35
7 6 6 0.35
6 7 5 0.35
7 6 5 0.35
6 7 4 0.35
7 6 4 0.35
6 7 3 0.35
7 6 3 0.35
6 7 2 0.35
7 6 2 0.35
0 1 6 0.38
1 0 6 0.38
0 1 5 0.38
1 0 5 0.38
0 1 4 0.38
1 0 4 0.38
0 1 3 0.38
1 0 3 0.38
0 1 2 0.38
1 0 2 0.38
0 1 1 0.38
1 0 1 0.38
2 3 6 0.4
3 2 6 0.4
2 3 5 0.4
3 2 5 0.4
2 3 4 0.4
3 2 4 0.4
2 3 3 0.4
3 2 3 0.4
2 3 2 0.4
3 2 2 0.4
2 3 1 0.4
3 2 1 0.4
5 6 6 0.32
6 5 6 0.32
5 6 5 0.32
6 5 5 0.32
5 6 4 0.32
6 5 4 0.32
5 6 3 0.32
6 5 3 0.32
5 6 2 0.32
6 5 2 0.32
5 6 1 0.32
6 5 1 0.32
9 10 6 0.35
10 9 6 0.35
9 10 5 0.35
10 9 5 0.35
9 10 4 0.35
10 9 4 0.35
9 10 3 0.35
10 9 3 0.35
9 10 2 0.35
10 9 2 0.35
9 10 1 0.35
10 9 1 0.35
12
1 2
2 2
3 2
5 1
6 1
7 2
8 1
9 1
10 2
11 2
12 1
14 2