14
3
0.9 0.42 0.4
0.0
0.025
0.1
0.2
0.35
0.2
0.125
0.08
0.07
0.1
0.09
0.03
0.1
0.12
0.08
0.08
0.1
0.05
0.02
0.06
0.09
92
0 2 6 0.11
2 0 6 0.11
1 2 6 0.06
2 1 6 0.06
3 6 6 0.01
6 3 6 0.01
8 11 6 0.16
11 8 6 0.16
8 11 5 0.16
11 8 5 0.16
10 11 6 0.17
11 10 6 0.17
10 11 5 0.17
11 10 5 0.17
0 1 6 0.18
1 0 6 0.18
0 1 5 0.18
1 0 5 0.18
0 1 4 0.18
1 0 4 0.18
3 5 6 0.2
5 3 6 0.2
3 5 5 0.2
5 3 5 0.2
3 5 4 0.2
5 3 4 0.2
3 5 3 0.2
5 3 3 0.2
3 7 6 0.32
7 3 6 0.32
3 7 5 0.32
7 3 5 0.32
3 7 4 0.32
7 3 4 0.32
3 7 3 0.32
7 3 3 0.32
7 8 6 0.13
8 7 6 0.13
7 8 5 0.13
8 7 5 0.13
7 8 4 0.13
8 7 4 0.13
7 8 3 0.13
8 7 3 0.13
7 9 6 0.28
9 7 6 0.28
7 9 5 0.28
9 7 5 0.28
7 9 4 0.28
9 7 4 0.28
7 9 3 0.28
9 7 3 0.28
10 12 6 0.35
12 10 6 0.35
10 12 5 0.35
12 10 5 0.35
10 12 4 0.35
12 10 4 0.35
10 12 3 0.35
12 10 3 0.35
0 13 6 0.22
13 0 6 0.22
0 13 5 0.22
13 0 5 0.22
0 13 4 0.22
13 0 4 0.22
0 13 3 0.22
13 0 3 0.22
0 13 2 0.22
13 0 2 0.22
0 6 6 0.25
6 0 6 0.25
0 6 5 0.25
6 0 5 0.25
0 6 4 0.25
6 0 4 0.25
0 6 3 0.25
6 0 3 0.25
0 6 2 0.25
6 0 2 0.25
8 9 6 0.23
9 8 6 0.23
8 9 5 0.23
9 8 5 0.23
8 9 4 0.23
9 8 4 0.23
8 9 3 0.23
9 8 3 0.23
8 9 2 0.23
9 8 2 0.23
8 9 1 0.23
9 8 1 0.23
11
0 2
1 2
2 1
4 2
5 1
6 2
7 1
9 2
11 2
12 1
13 2