5 20
0.5
0.75
1.0
1.25
1.5
1.75
2.0
2.25
2.5
2.75
3.0
3.25
3.5
3.75
4.0
4.25
4.5
4.75
5.0
5.25
0.12 0.06 0.14 0.07 0.1 0.05 0.11 0.1 0.17 0.08 0.0 0.0 0.0 0.0 0.0 0.0 0.0 0.0 0.0 0.0 
0.02 0.25 0.03 0.20 0.04 0.06 0.08 0.05 0.13 0.14 0.0 0.0 0.0 0.0 0.0 0.0 0.0 0.0 0.0 0.0 
0.08 0.01 0.06 0.17 0.03 0.07 0.12 0.09 0.04 0.02 0.02 0.05 0.01 0.06 0.04 0.01 0.04 0.02 0.02 0.04 
0.15 0.0 0.35 0.0 0.01 0.0 0.20 0.0 0.17 0.0 0.12 0.0 0.0 0.0 0.0 0.0 0.0 0.0 0.0 0.0 
0.16 0.0 0.26 0.0 0.04 0.0 0.30 0.0 0.22 0.0 0.02 0.0 0.0 0.0 0.0 0.0 0.0 0.0 0.0 0.0 