4
72
4
0 0.18904275
1 0.26932672
36 0.2034848
37 0.48115665
4
34
35
70
71
68
0 2
1 3
2 4
3 5
4 6
5 7
6 8
7 9
8 10
9 11
10 12
11 13
12 14
13 15
14 16
15 17
16 18
17 19
18 20
19 21
20 22
21 23
22 24
23 25
24 26
25 27
26 28
27 29
28 30
29 31
30 32
31 33
32 34
33 35
36 38
37 39
38 40
39 41
40 42
41 43
42 44
43 45
44 46
45 47
46 48
47 49
48 50
49 51
50 52
51 53
52 54
53 55
54 56
55 57
56 58
57 59
58 60
59 61
60 62
61 63
62 64
63 65
64 66
65 67
66 68
67 69
68 70
69 71
4
11 0
23 2
47 1
59 3
4
10 0
22 1
46 2
58 3
22
0
8
12
16
19
20
22
24
30
37
42
43
44
50
52
53
54
57
62
64
69
71