8 13
0 2
1 2
2 3
0 3
1 3
3 4
1 4
0 4
0 5
3 5
1 5
1 6
5 7
1.3225485 0.86250937 0.5379598 0.7966592 0.1 0.3 0.04723575413227082
1.3837464 0.9738445 0.5750398 0.75465524 0.1 0.3 0.031081205606460573
2.206152 0.91557336 0.66695064 0.7140531 0.29437217116355896 0.3180202007293701 0.012146511673927309
3.1999547 0.86368424 0.62654245 0.78798556 0.19705301225185395 0.24863892197608947 0.01
4.0810323 0.850513 0.73045695 0.73045695 0.14810273945331573 0.14849880039691926 0.020675605535507204
4.3929977 0.946712 0.5595663 0.74796265 0.15677647292613983 0.20301721394062042 0.01
2.0293026 0.94299585 0.58252585 0.68700767 0.5016196370124817 0.6655245840549469 0.01
5.129872 0.9716682 0.56091326 0.7564045 0.5188458919525146 0.6960887908935547 0.031601646542549135