6 5
0 2
0 3
1 3
1 4
4 5
1.2198048 0.861709 0.5110731 0.7110124 0.1 0.3 0.01
1.3627454 0.90181434 0.51994395 0.7370734 0.1 0.3 0.04683011770248413
2.2734613 0.90920776 0.5263212 0.7659159 0.4785213768482208 0.7393631219863892 0.04062457978725434
2.4778152 0.94182616 0.71097314 0.74594194 0.3035835802555084 0.31977035403251647 0.023865684866905212
2.1164362 0.90769273 0.5160548 0.7894275 0.4667068779468536 0.7206694662570954 0.04388810992240906
3.1053238 0.91400516 0.7196633 0.7276146 0.6648123443126679 0.6454042017459869 0.01