6 6
0 2
1 2
2 3
1 3
1 4
3 5
1.0499556 0.9770715 0.51911426 0.7568351 0.1 0.3 0.01
1.1698302 0.924819 0.5730685 0.78583014 0.1 0.3 0.01
2.2892184 0.97022885 0.50426114 0.70021623 0.22255530953407288 0.3218156695365906 0.04107441306114197
3.2861533 0.95192325 0.62887514 0.7496369 0.2262321412563324 0.34937326312065126 0.04200699329376221
2.0785954 0.8891609 0.7391402 0.76726276 0.6482304692268371 0.7316245138645172 0.040353044867515564
4.4450536 0.9555468 0.6509724 0.7869552 0.5587133944034577 0.7214606761932373 0.030699294805526734