7 7
0 2
1 2
2 3
0 4
3 5
2 6
1 6
1.2882646 0.98427343 0.6289614 0.77823144 0.1 0.3 0.01
1.2146819 0.9924673 0.73079157 0.73079157 0.1 0.3 0.01
2.210087 0.85142183 0.6776028 0.7547205 0.31203954219818114 0.290868866443634 0.01
3.0924094 0.8708903 0.6201674 0.76314354 0.5488474607467652 0.6977060377597809 0.03600496053695679
2.3115351 0.89169645 0.52846634 0.6872452 0.47665039300918577 0.6772943496704101 0.01
4.0512495 0.9606661 0.7326869 0.7326869 0.7151333153247833 0.6484197080135345 0.027902701497077943
3.3795197 0.92446464 0.7161131 0.7832805 0.30167375802993773 0.30948561429977417 0.021241167187690736