7 11
0 2
1 2
2 3
1 3
1 4
2 4
0 4
3 5
4 5
0 5
5 6
1.41502 0.99838704 0.6240561 0.6767317 0.1 0.3 0.013960319757461549
1.2734425 0.9399337 0.7315788 0.7984441 0.1 0.3 0.01895264983177185
2.160461 0.8795395 0.60257506 0.771655 0.24754523038864135 0.29233548045158386 0.018922489881515504
3.3209429 0.91199195 0.5341582 0.78818285 0.23814212083816527 0.3877822756767273 0.03833227455615998
3.1534872 0.9278462 0.6759284 0.7965332 0.17441368997097015 0.23855116367340087 0.036063560843467714
4.2396054 0.9482524 0.50205016 0.6836033 0.09400476813316345 0.13496833145618437 0.01031070649623871
5.047902 0.9999735 0.5515639 0.6806831 0.529619014263153 0.6520019173622131 0.02086797058582306