8 7
1 2
0 3
2 4
1 5
5 6
2 6
4 7
1.3582392 0.9234121 0.7468753 0.75113136 0.1 0.3 0.014913406968116761
1.0981493 0.9780681 0.65697837 0.70846575 0.1 0.3 0.045139196515083316
2.189137 0.9696077 0.53933734 0.79871774 0.49018006920814516 0.7786486804485321 0.01
2.1772897 0.90157753 0.53588957 0.7625461 0.44219784140586854 0.7428156793117523 0.01718604564666748
3.0918918 0.8567616 0.58775973 0.7435703 0.4956972599029541 0.7072389900684357 0.03257570564746857
2.380104 0.95278406 0.73840797 0.73840797 0.6889003455638886 0.6990386247634888 0.01
3.323818 0.9003494 0.66732323 0.79848707 0.324363112449646 0.34581115245819094 0.01
4.0537095 0.9185347 0.542452 0.7846911 0.5253962814807892 0.7298588871955871 0.03780151009559632