0.3
66
120
0 1
1 2
2 3
3 4
4 5
5 6
6 7
7 8
8 9
9 10
0 11
1 12
2 13
3 14
4 15
5 16
6 17
7 18
8 19
9 20
11 1
12 2
13 3
14 4
15 5
16 6
17 7
18 8
19 9
20 10
21 22
22 23
23 24
24 25
25 26
26 27
27 28
28 29
11 21
13 23
15 25
17 27
19 29
21 12
23 14
25 16
27 18
29 20
21 30
22 31
23 32
24 33
25 34
26 35
27 36
28 37
30 22
31 23
32 24
33 25
34 26
35 27
36 28
37 29
38 39
39 40
40 41
41 42
42 43
43 44
30 38
32 40
34 42
36 44
38 31
40 33
42 35
44 37
38 45
39 46
40 47
41 48
42 49
43 50
45 39
46 40
47 41
48 42
49 43
50 44
51 52
52 53
53 54
54 55
45 51
47 53
49 55
51 46
53 48
55 50
51 56
52 57
53 58
54 59
56 52
57 53
58 54
59 55
60 61
61 62
56 60
58 62
60 57
62 59
60 63
61 64
63 61
64 62
63 65
65 64
10
0
40
11
12
13
14
15
16
17
18
19
20
21
29
30
31
32
33
34
35
36
37
38
44
45
46
47
48
49
50
51
55
56
57
58
59
60
62
63
64
65
65