0.25
45
80
0 1
1 2
2 3
3 4
4 5
5 6
6 7
7 8
0 9
1 10
2 11
3 12
4 13
5 14
6 15
7 16
9 1
10 2
11 3
12 4
13 5
14 6
15 7
16 8
17 18
18 19
19 20
20 21
21 22
22 23
9 17
11 19
13 21
15 23
17 10
19 12
21 14
23 16
17 24
18 25
19 26
20 27
21 28
22 29
24 18
25 19
26 20
27 21
28 22
29 23
30 31
31 32
32 33
33 34
24 30
26 32
28 34
30 25
32 27
34 29
30 35
31 36
32 37
33 38
35 31
36 32
37 33
38 34
39 40
40 41
35 39
37 41
39 36
41 38
39 42
40 43
42 40
43 41
42 44
44 43
8
0
28
9
10
11
12
13
14
15
16
17
23
24
25
26
27
28
29
30
34
35
36
37
38
39
41
42
43
44
44