30
21
W  W  W  W  W  W  W  W  W  W  W  W  W  W  W  W  W  W  W  W  W  W  W  W  W  W  W  W  W  W
W  W  W  W  W  W  W  W  W  W  W  W  W  W  W  W  W  W  W  W  W  W  W  W  W  W  W  W  W  W
W  W  W  W  W  W  W  W  W  W  W  W  W  W  W  W  W  W  W  W  W  W  W  W  W  W  W  W  W  W
W  W  W  W  W  W  W  W  W  W  W  W  W  W  W  W  .  W  W  W  W  W  W  W  W  W  W  W  W  W
W  W  W  W  W  W  W  W  W  W  W  W  W  W  .  .  .  W  W  W  W  W  W  W  W  W  W  W  W  W
W  W  W  W  W  W  W  W  W  W  W  W  W  .  .  .  W  W  W  W  W  W  W  W  W  W  W  W  W  W
W  W  W  W  W  W  W  W  .  .  .  .  .  .  .  .  W  W  W  W  W  W  W  W  W  W  W  W  W  W
W  W  W  W  W  W  W  W  .  .  .  .  .  .  .  .  W  W  W  W  W  W  W  W  W  W  W  W  W  W
W  W  W  W  W  W  W  W  W  .  .  .  .  .  .  .  W  W  W  W  W  W  W  W  W  W  W  W  W  W
W  W  W  W  W  W  W  W  W  .  .  .  .  .  .  .  W  W  W  .  .  .  .  .  W  W  .  .  W  W
W  W  W  W  W  W  W  W  W  .  .  .  .  .  .  .  W  W  W  .  .  .  .  .  .  .  .  .  W  W
W  W  W  .  .  .  .  .  .  .  .  .  .  .  .  .  .  .  .  .  .  .  .  .  .  .  .  .  W  W
W  W  W  .  .  .  .  .  .  .  .  .  .  .  .  .  .  .  .  .  .  .  .  .  .  .  .  .  W  W
W  W  W  .  .  .  .  .  .  .  .  .  .  .  .  .  .  .  .  .  .  .  .  .  .  .  .  .  W  W
W  W  W  .  .  .  .  .  .  .  .  .  .  .  .  .  W  W  W  .  .  .  .  .  .  .  .  .  W  W
W  W  W  W  .  .  .  .  .  W  W  W  W  W  W  W  W  W  W  W  W  W  W  W  .  .  .  W  W  W
W  W  W  W  W  W  W  W  W  W  W  W  W  W  W  W  W  W  W  W  W  W  W  W  .  .  .  W  W  W
W  W  W  W  W  W  W  W  W  W  W  W  W  W  W  W  W  W  W  W  W  W  W  W  W  W  W  W  W  W
W  W  W  W  W  W  W  W  W  W  W  W  W  W  W  W  W  W  W  W  W  W  W  W  W  W  W  W  W  W
W  W  W  W  W  W  W  W  W  W  W  W  W  W  W  W  W  W  W  W  W  W  W  W  W  W  W  W  W  W
W  W  W  W  W  W  W  W  W  W  W  W  W  W  W  W  W  W  W  W  W  W  W  W  W  W  W  W  W  W
50

11 10 1 0
15 10 3 0
9 13 2 0
7 14 0 0
27 10 2 1
24 11 1 1
23 12 3 1
19 14 0 1

16 4 3 0
13 9 0 0
27 9 2 0
17 11 1 0
6 12 3 1
5 13 0 1
10 13 2 1
8 14 1 1

20 10 0 0
21 10 1 0
25 10 2 0
26 10 3 0
6 12 2 1
26 12 3 1
18 13 1 1
25 14 0 1

27 10 3 0
21 13 2 0
21 14 1 0
24 16 0 0
13 5 3 1
15 5 0 1
5 11 1 1
7 15 2 1

21 10 0 0
27 11 1 0
22 12 2 0
23 14 3 0
12 8 2 1
14 9 0 1
4 14 1 1
10 14 3 1

21 9 3 0
22 10 2 0
26 13 1 0
26 16 0 0
9 6 0 1
8 7 2 1
9 9 3 1
3 14 1 1

9 9 1 0
22 9 3 0
18 11 2 0
11 14 0 0
27 10 3 1
26 11 0 1
26 13 2 1
27 13 1 1

8 7 2 0
13 11 1 0
19 12 3 0
22 12 0 0
22 10 1 1
25 10 3 1
27 12 2 1
26 15 0 1

9 6 1 0
4 11 2 0
8 11 0 0
8 13 3 0
14 6 2 1
15 6 1 1
15 13 3 1
25 14 0 1

12 10 2 0
8 11 1 0
7 12 3 0
8 14 0 0
27 9 2 1
21 12 1 1
26 13 0 1
20 14 3 1

12 8 0 0
15 12 1 0
16 12 2 0
26 14 3 0
24 15 1 1
25 15 0 1
26 15 3 1
26 16 2 1

25 10 3 0
21 12 1 0
27 13 2 0
25 14 0 0
13 10 3 1
15 13 0 1
8 14 2 1
4 15 1 1

10 6 2 0
14 10 3 0
5 13 0 0
4 15 1 0
22 10 1 1
27 12 2 1
23 14 0 1
26 15 3 1

23 10 2 0
18 13 1 0
26 13 3 0
26 14 0 0
11 7 0 1
12 8 1 1
3 11 3 1
3 14 2 1

16 3 0 0
13 6 2 0
10 8 3 0
15 8 1 0
9 9 3 1
5 11 0 1
8 11 1 1
4 12 2 1

18 12 2 0
25 13 0 0
20 14 3 0
24 16 1 0
10 6 3 1
8 7 1 1
14 10 2 1
5 11 0 1

6 11 0 0
5 13 3 0
4 14 2 0
5 14 1 0
14 11 1 1
18 12 2 1
8 13 3 1
25 15 0 1

6 12 2 0
16 13 0 0
17 13 1 0
21 13 3 0
22 12 1 1
23 12 3 1
26 15 2 1
24 16 0 1

4 11 1 0
3 13 2 0
3 14 0 0
7 14 3 0
10 6 1 1
10 8 0 1
23 9 2 1
12 14 3 1

15 6 0 0
11 8 1 0
16 11 3 0
6 12 2 0
21 12 1 1
22 12 3 1
19 14 2 1
26 15 0 1

9 10 2 0
13 11 1 0
17 12 0 0
13 14 3 0
6 11 0 1
7 14 1 1
5 15 3 1
7 15 2 1

11 9 3 0
13 9 0 0
9 10 1 0
10 10 2 0
19 9 2 1
26 9 3 1
24 13 1 1
23 14 0 1

14 8 3 0
16 11 0 0
7 12 2 0
16 13 1 0
21 13 2 1
25 13 3 1
21 14 1 1
22 14 0 1

21 10 0 0
20 13 1 0
24 14 3 0
24 16 2 0
12 9 3 1
12 10 0 1
6 14 1 1
9 14 2 1

12 8 0 0
14 13 3 0
25 14 1 0
26 15 2 0
7 11 0 1
8 12 2 1
6 13 1 1
8 13 3 1

8 6 2 0
13 6 0 0
10 7 1 0
9 8 3 0
15 6 0 1
13 9 2 1
15 11 3 1
15 14 1 1

23 11 0 0
23 12 3 0
25 13 1 0
24 15 2 0
6 11 2 1
10 11 0 1
18 11 3 1
8 12 1 1

9 6 1 0
13 8 0 0
13 10 3 0
15 12 2 0
3 11 3 1
5 11 2 1
4 12 1 1
7 13 0 1

10 6 3 0
26 10 0 0
17 11 1 0
24 11 2 0
14 12 0 1
18 12 2 1
6 13 3 1
26 15 1 1

8 6 0 0
3 12 1 0
9 12 2 0
13 12 3 0
24 10 0 1
20 11 2 1
20 12 1 1
22 14 3 1

3 11 3 0
8 11 1 0
5 13 0 0
7 13 2 0
15 9 0 1
26 10 1 1
18 12 3 1
21 13 2 1

16 3 3 0
15 5 1 0
11 6 2 0
14 8 0 0
4 12 2 1
11 13 1 1
12 13 0 1
17 13 3 1

21 11 3 0
27 12 0 0
27 13 1 0
21 14 2 0
4 12 0 1
5 13 3 1
8 13 2 1
4 14 1 1

21 9 3 0
24 12 0 0
19 14 2 0
25 16 1 0
8 6 0 1
9 6 1 1
13 8 3 1
6 11 2 1

11 7 2 0
15 7 3 0
12 11 1 0
25 11 0 0
4 11 0 1
7 11 1 1
3 12 3 1
8 15 2 1

6 11 1 0
22 11 0 0
5 14 2 0
15 14 3 0
15 5 3 1
10 6 1 1
15 7 0 1
11 9 2 1

23 11 0 0
22 14 2 0
24 15 1 0
24 16 3 0
11 6 3 1
12 6 2 1
11 7 1 1
12 13 0 1

6 11 0 0
3 13 2 0
5 15 1 0
8 15 3 0
14 6 3 1
23 9 1 1
24 12 2 1
26 12 0 1

26 12 3 0
24 13 0 0
20 14 1 0
25 15 2 0
14 9 1 1
13 11 3 1
17 11 0 1
10 12 2 1

4 12 3 0
6 13 1 0
6 14 0 0
8 15 2 0
15 7 2 1
14 11 3 1
10 12 0 1
12 14 1 1

23 10 3 0
19 11 1 0
24 11 0 0
24 15 2 0
16 4 1 1
12 7 0 1
12 10 3 1
16 12 2 1

14 5 0 0
5 11 2 0
8 11 3 0
3 12 1 0
27 9 2 1
22 10 1 1
26 11 3 1
18 12 0 1

16 3 1 0
12 12 0 0
13 12 2 0
10 14 3 0
23 9 3 1
22 11 1 1
19 13 2 1
24 13 0 1

9 7 2 0
12 10 3 0
19 11 1 0
25 15 0 0
4 11 2 1
4 12 3 1
6 13 0 1
8 15 1 1

6 11 1 0
10 13 0 0
3 14 3 0
4 15 2 0
15 9 1 1
22 9 3 1
21 11 2 1
16 12 0 1

14 5 1 0
15 9 3 0
12 10 0 0
13 10 2 0
16 11 3 1
18 12 0 1
19 12 1 1
16 13 2 1

9 6 1 0
13 7 2 0
21 12 0 0
11 13 3 0
6 11 1 1
8 11 0 1
5 12 2 1
7 14 3 1

14 4 1 0
9 7 2 0
9 8 3 0
10 12 0 0
21 9 2 1
13 11 0 1
21 12 1 1
16 13 3 1

14 4 1 0
13 5 3 0
12 6 2 0
15 7 0 0
22 10 1 1
3 11 0 1
11 13 3 1
15 13 2 1

